Eval,BestError,Log10Error
300,1.3591287733398985e+03,3.1332606067703619e+00
450,1.3591287733398985e+03,3.1332606067703619e+00
600,1.3227454378522752e+03,3.1214762723254332e+00
750,1.2619067627420095e+03,3.1010272678062707e+00
900,1.2619067627420095e+03,3.1010272678062707e+00
1050,1.2619067627420095e+03,3.1010272678062707e+00
1200,1.2497694856561766e+03,3.0968299167364761e+00
1349,1.2497694856561766e+03,3.0968299167364761e+00
1498,1.2497694856561766e+03,3.0968299167364761e+00
1647,1.2497694856561766e+03,3.0968299167364761e+00
1796,1.2478655887744994e+03,3.0961678087460469e+00
1945,1.1978046699172187e+03,3.0783860019484952e+00
2094,1.1906059040182017e+03,3.0757680318157417e+00
2243,1.1104134484424389e+03,3.0454847129711662e+00
2392,1.0139114958159917e+03,3.0060000471509007e+00
2541,9.9122012478011538e+02,2.9961701109550005e+00
2690,9.9122012478011538e+02,2.9961701109550005e+00
2839,9.9122012478011538e+02,2.9961701109550005e+00
2988,9.9122012478011538e+02,2.9961701109550005e+00
3137,9.9122012478011538e+02,2.9961701109550005e+00
3285,9.5948087274417230e+02,2.9820363214951922e+00
3433,9.3380876149642802e+02,2.9702579443984938e+00
3581,9.2802387051137657e+02,2.9675591472296841e+00
3729,9.2802387051137657e+02,2.9675591472296841e+00
3877,9.2802387051137657e+02,2.9675591472296841e+00
4025,8.9659379566226926e+02,2.9525957292665974e+00
4173,8.9659379566226926e+02,2.9525957292665974e+00
4321,8.7738807994735362e+02,2.9431917298543677e+00
4469,8.0443171605743737e+02,2.9054891850440425e+00
4617,8.0443171605743737e+02,2.9054891850440425e+00
4765,8.0443171605743737e+02,2.9054891850440425e+00
4913,8.0443171605743737e+02,2.9054891850440425e+00
5061,8.0443171605743737e+02,2.9054891850440425e+00
5209,8.0443171605743737e+02,2.9054891850440425e+00
5356,8.0443171605743737e+02,2.9054891850440425e+00
5503,8.0443171605743737e+02,2.9054891850440425e+00
5650,8.0443171605743737e+02,2.9054891850440425e+00
5797,7.6668589414913731e+02,2.8846174729737939e+00
5944,7.6668589414913731e+02,2.8846174729737939e+00
6091,7.4839462078603401e+02,2.8741306572735388e+00
6238,7.4839462078603401e+02,2.8741306572735388e+00
6385,7.4839462078603401e+02,2.8741306572735388e+00
6532,7.4825453516406151e+02,2.8740493577751862e+00
6679,7.2165103780293839e+02,2.8583272405155311e+00
6826,7.2165103780293839e+02,2.8583272405155311e+00
6973,7.2165103780293839e+02,2.8583272405155311e+00
7119,7.2165103780293839e+02,2.8583272405155311e+00
7265,7.1857839533365632e+02,2.8564741556345288e+00
7411,7.1857839533365632e+02,2.8564741556345288e+00
7557,7.1857839533365632e+02,2.8564741556345288e+00
7703,7.1857839533365632e+02,2.8564741556345288e+00
7849,6.7508088653351342e+02,2.8293558120466860e+00
7995,6.7508088653351342e+02,2.8293558120466860e+00
8141,6.7508088653351342e+02,2.8293558120466860e+00
8287,6.7282549221949876e+02,2.8279024377846893e+00
8433,6.7107747346877068e+02,2.8267726607915469e+00
8579,6.7107747346877068e+02,2.8267726607915469e+00
8725,6.7107747346877068e+02,2.8267726607915469e+00
8871,6.7107747346877068e+02,2.8267726607915469e+00
9016,6.7107747346877068e+02,2.8267726607915469e+00
9161,6.6936757636486072e+02,2.8256646716505829e+00
9306,6.6936757636486072e+02,2.8256646716505829e+00
9451,6.5341468462529599e+02,2.8151888904394982e+00
9596,6.5341468462529599e+02,2.8151888904394982e+00
9741,6.5341468462529599e+02,2.8151888904394982e+00
9886,6.5341468462529599e+02,2.8151888904394982e+00
10031,6.5341468462529599e+02,2.8151888904394982e+00
10176,6.5341468462529599e+02,2.8151888904394982e+00
10321,6.5341468462529599e+02,2.8151888904394982e+00
10466,6.5341468462529599e+02,2.8151888904394982e+00
10611,6.5341468462529599e+02,2.8151888904394982e+00
10756,6.5341468462529599e+02,2.8151888904394982e+00
10900,6.5341468462529599e+02,2.8151888904394982e+00
11044,6.5341468462529599e+02,2.8151888904394982e+00
11188,6.5341468462529599e+02,2.8151888904394982e+00
11332,6.5341468462529599e+02,2.8151888904394982e+00
11476,6.2239500194631273e+02,2.7940660964561634e+00
11620,6.2098509260042101e+02,2.7930811746063933e+00
11764,6.2098509260042101e+02,2.7930811746063933e+00
11908,6.2098509260042101e+02,2.7930811746063933e+00
12052,6.2098509260042101e+02,2.7930811746063933e+00
12196,6.1712173834235898e+02,2.7903708448682054e+00
12340,6.1712173834235898e+02,2.7903708448682054e+00
12484,6.1712173834235898e+02,2.7903708448682054e+00
12627,6.1712173834235898e+02,2.7903708448682054e+00
12770,6.0726659435947477e+02,2.7833793913080145e+00
12913,6.0726659435947477e+02,2.7833793913080145e+00
13056,6.0726659435947477e+02,2.7833793913080145e+00
13199,6.0726659435947477e+02,2.7833793913080145e+00
13342,5.8102582394655565e+02,2.7641954352272573e+00
13485,5.8102582394655565e+02,2.7641954352272573e+00
13628,5.8102582394655565e+02,2.7641954352272573e+00
13771,5.8102582394655565e+02,2.7641954352272573e+00
13914,5.8102582394655565e+02,2.7641954352272573e+00
14057,5.8102582394655565e+02,2.7641954352272573e+00
14200,5.8102582394655565e+02,2.7641954352272573e+00
14342,5.8102582394655565e+02,2.7641954352272573e+00
14484,5.8102582394655565e+02,2.7641954352272573e+00
14626,5.8102582394655565e+02,2.7641954352272573e+00
14768,5.8102582394655565e+02,2.7641954352272573e+00
14910,5.8102582394655565e+02,2.7641954352272573e+00
15052,5.8102582394655565e+02,2.7641954352272573e+00
15194,5.8102582394655565e+02,2.7641954352272573e+00
15336,5.8102582394655565e+02,2.7641954352272573e+00
15478,5.8102582394655565e+02,2.7641954352272573e+00
15620,5.8102582394655565e+02,2.7641954352272573e+00
15762,5.8102582394655565e+02,2.7641954352272573e+00
15904,5.8102582394655565e+02,2.7641954352272573e+00
16045,5.8102582394655565e+02,2.7641954352272573e+00
16186,5.8102582394655565e+02,2.7641954352272573e+00
16327,5.8102582394655565e+02,2.7641954352272573e+00
16468,5.8102582394655565e+02,2.7641954352272573e+00
16609,5.8102582394655565e+02,2.7641954352272573e+00
16750,5.8102582394655565e+02,2.7641954352272573e+00
16891,5.8102582394655565e+02,2.7641954352272573e+00
17032,5.8102582394655565e+02,2.7641954352272573e+00
17173,5.8102582394655565e+02,2.7641954352272573e+00
17314,5.8102582394655565e+02,2.7641954352272573e+00
17455,5.8102582394655565e+02,2.7641954352272573e+00
17596,5.8102582394655565e+02,2.7641954352272573e+00
17736,5.8102582394655565e+02,2.7641954352272573e+00
17876,5.8102582394655565e+02,2.7641954352272573e+00
18016,5.8102582394655565e+02,2.7641954352272573e+00
18156,5.8102582394655565e+02,2.7641954352272573e+00
18296,5.8102582394655565e+02,2.7641954352272573e+00
18436,5.8102582394655565e+02,2.7641954352272573e+00
18576,5.8102582394655565e+02,2.7641954352272573e+00
18716,5.8102582394655565e+02,2.7641954352272573e+00
18856,5.8102582394655565e+02,2.7641954352272573e+00
18996,5.8102582394655565e+02,2.7641954352272573e+00
19136,5.8102582394655565e+02,2.7641954352272573e+00
19276,5.6717195645831396e+02,2.7537147492263174e+00
19415,5.6717195645831396e+02,2.7537147492263174e+00
19554,5.6717195645831396e+02,2.7537147492263174e+00
19693,5.6717195645831396e+02,2.7537147492263174e+00
19832,5.6717195645831396e+02,2.7537147492263174e+00
19971,5.6717195645831396e+02,2.7537147492263174e+00
20110,5.6717195645831396e+02,2.7537147492263174e+00
20249,5.6717195645831396e+02,2.7537147492263174e+00
20388,5.6717195645831396e+02,2.7537147492263174e+00
20527,5.6717195645831396e+02,2.7537147492263174e+00
20666,5.6717195645831396e+02,2.7537147492263174e+00
20805,5.6717195645831396e+02,2.7537147492263174e+00
20943,5.6717195645831396e+02,2.7537147492263174e+00
21081,5.6717195645831396e+02,2.7537147492263174e+00
21219,5.6717195645831396e+02,2.7537147492263174e+00
21357,5.6717195645831396e+02,2.7537147492263174e+00
21495,5.6717195645831396e+02,2.7537147492263174e+00
21633,5.6717195645831396e+02,2.7537147492263174e+00
21771,5.6717195645831396e+02,2.7537147492263174e+00
21909,5.6717195645831396e+02,2.7537147492263174e+00
22047,5.6717195645831396e+02,2.7537147492263174e+00
22185,5.6717195645831396e+02,2.7537147492263174e+00
22323,5.6717195645831396e+02,2.7537147492263174e+00
22461,5.6717195645831396e+02,2.7537147492263174e+00
22598,5.6717195645831396e+02,2.7537147492263174e+00
22735,5.6717195645831396e+02,2.7537147492263174e+00
22872,5.6717195645831396e+02,2.7537147492263174e+00
23009,5.6717195645831396e+02,2.7537147492263174e+00
23146,5.6717195645831396e+02,2.7537147492263174e+00
23283,5.6717195645831396e+02,2.7537147492263174e+00
23420,5.6717195645831396e+02,2.7537147492263174e+00
23557,5.6717195645831396e+02,2.7537147492263174e+00
23694,5.6717195645831396e+02,2.7537147492263174e+00
23831,5.6717195645831396e+02,2.7537147492263174e+00
23968,5.6717195645831396e+02,2.7537147492263174e+00
24105,5.6717195645831396e+02,2.7537147492263174e+00
24241,5.6717195645831396e+02,2.7537147492263174e+00
24377,5.6717195645831396e+02,2.7537147492263174e+00
24513,5.6717195645831396e+02,2.7537147492263174e+00
24649,5.6717195645831396e+02,2.7537147492263174e+00
24785,5.6717195645831396e+02,2.7537147492263174e+00
24921,5.6717195645831396e+02,2.7537147492263174e+00
25057,5.6717195645831396e+02,2.7537147492263174e+00
25193,5.6717195645831396e+02,2.7537147492263174e+00
25329,5.6717195645831396e+02,2.7537147492263174e+00
25465,5.6717195645831396e+02,2.7537147492263174e+00
25601,5.6717195645831396e+02,2.7537147492263174e+00
25736,5.6717195645831396e+02,2.7537147492263174e+00
25871,5.6717195645831396e+02,2.7537147492263174e+00
26006,5.6717195645831396e+02,2.7537147492263174e+00
26196,5.6717195645831396e+02,2.7537147492263174e+00
26331,5.6717195645831396e+02,2.7537147492263174e+00
26466,5.6717195645831396e+02,2.7537147492263174e+00
26601,5.6717195645831396e+02,2.7537147492263174e+00
26736,5.6717195645831396e+02,2.7537147492263174e+00
26871,5.6717195645831396e+02,2.7537147492263174e+00
27006,5.6717195645831396e+02,2.7537147492263174e+00
27141,5.6717195645831396e+02,2.7537147492263174e+00
27275,5.6717195645831396e+02,2.7537147492263174e+00
27409,5.6717195645831396e+02,2.7537147492263174e+00
27543,5.6717195645831396e+02,2.7537147492263174e+00
27677,5.6174402557240728e+02,2.7495384621775329e+00
27811,5.6174402557240728e+02,2.7495384621775329e+00
27945,5.6174402557240728e+02,2.7495384621775329e+00
28079,5.6174402557240728e+02,2.7495384621775329e+00
28213,5.6174402557240728e+02,2.7495384621775329e+00
28347,5.6174402557240728e+02,2.7495384621775329e+00
28481,5.6174402557240728e+02,2.7495384621775329e+00
28615,5.6174402557240728e+02,2.7495384621775329e+00
28749,5.6174402557240728e+02,2.7495384621775329e+00
28882,5.6174402557240728e+02,2.7495384621775329e+00
29015,5.6174402557240728e+02,2.7495384621775329e+00
29148,5.6174402557240728e+02,2.7495384621775329e+00
29281,5.6174402557240728e+02,2.7495384621775329e+00
29414,5.6174402557240728e+02,2.7495384621775329e+00
29547,5.6174402557240728e+02,2.7495384621775329e+00
29680,5.6174402557240728e+02,2.7495384621775329e+00
29813,5.6174402557240728e+02,2.7495384621775329e+00
29946,5.6174402557240728e+02,2.7495384621775329e+00
30079,5.6174402557240728e+02,2.7495384621775329e+00
30212,5.6174402557240728e+02,2.7495384621775329e+00
30344,5.6174402557240728e+02,2.7495384621775329e+00
30476,5.6174402557240728e+02,2.7495384621775329e+00
30608,5.6174402557240728e+02,2.7495384621775329e+00
30740,5.6174402557240728e+02,2.7495384621775329e+00
30872,5.6174402557240728e+02,2.7495384621775329e+00
31004,5.6174402557240728e+02,2.7495384621775329e+00
31136,5.6174402557240728e+02,2.7495384621775329e+00
31268,5.6174402557240728e+02,2.7495384621775329e+00
31400,5.6174402557240728e+02,2.7495384621775329e+00
31532,5.6174402557240728e+02,2.7495384621775329e+00
31664,5.6174402557240728e+02,2.7495384621775329e+00
31796,5.6174402557240728e+02,2.7495384621775329e+00
31927,5.6174402557240728e+02,2.7495384621775329e+00
32058,5.6174402557240728e+02,2.7495384621775329e+00
32189,5.6174402557240728e+02,2.7495384621775329e+00
32320,5.6174402557240728e+02,2.7495384621775329e+00
32451,5.5128538843881904e+02,2.7413764818598469e+00
32582,5.5128538843881904e+02,2.7413764818598469e+00
32713,5.5128538843881904e+02,2.7413764818598469e+00
32844,5.5128538843881904e+02,2.7413764818598469e+00
32975,5.5128538843881904e+02,2.7413764818598469e+00
33106,5.5128538843881904e+02,2.7413764818598469e+00
33237,5.5128538843881904e+02,2.7413764818598469e+00
33367,5.5128538843881904e+02,2.7413764818598469e+00
33497,5.5128538843881904e+02,2.7413764818598469e+00
33627,5.5128538843881904e+02,2.7413764818598469e+00
33757,5.5128538843881904e+02,2.7413764818598469e+00
33887,5.5128538843881904e+02,2.7413764818598469e+00
34017,5.5128538843881904e+02,2.7413764818598469e+00
34147,5.5128538843881904e+02,2.7413764818598469e+00
34277,5.5128538843881904e+02,2.7413764818598469e+00
34407,5.5128538843881904e+02,2.7413764818598469e+00
34537,5.5128538843881904e+02,2.7413764818598469e+00
34667,5.5128538843881904e+02,2.7413764818598469e+00
34797,5.5128538843881904e+02,2.7413764818598469e+00
34926,5.5128538843881904e+02,2.7413764818598469e+00
35055,5.5128538843881904e+02,2.7413764818598469e+00
35184,5.5128538843881904e+02,2.7413764818598469e+00
35313,5.5128538843881904e+02,2.7413764818598469e+00
35442,5.5128538843881904e+02,2.7413764818598469e+00
35571,5.5128538843881904e+02,2.7413764818598469e+00
35700,5.4697816118350829e+02,2.7379699869059513e+00
35829,5.4697816118350829e+02,2.7379699869059513e+00
35958,5.4697816118350829e+02,2.7379699869059513e+00
36087,5.4697816118350829e+02,2.7379699869059513e+00
36216,5.4697816118350829e+02,2.7379699869059513e+00
36344,5.4697816118350829e+02,2.7379699869059513e+00
36472,5.4697816118350829e+02,2.7379699869059513e+00
36600,5.4697816118350829e+02,2.7379699869059513e+00
36728,5.4697816118350829e+02,2.7379699869059513e+00
36856,5.4697816118350829e+02,2.7379699869059513e+00
36984,5.4697816118350829e+02,2.7379699869059513e+00
37112,5.4697816118350829e+02,2.7379699869059513e+00
37240,5.4697816118350829e+02,2.7379699869059513e+00
37368,5.4697816118350829e+02,2.7379699869059513e+00
37496,5.4697816118350829e+02,2.7379699869059513e+00
37624,5.4697816118350829e+02,2.7379699869059513e+00
37752,5.4697816118350829e+02,2.7379699869059513e+00
37879,5.4697816118350829e+02,2.7379699869059513e+00
38006,5.4697816118350829e+02,2.7379699869059513e+00
38133,5.4697816118350829e+02,2.7379699869059513e+00
38260,5.4509147239853064e+02,2.7364693878262085e+00
38387,5.4509147239853064e+02,2.7364693878262085e+00
38514,5.4509147239853064e+02,2.7364693878262085e+00
38641,5.4509147239853064e+02,2.7364693878262085e+00
38768,5.4509147239853064e+02,2.7364693878262085e+00
38895,5.4509147239853064e+02,2.7364693878262085e+00
39022,5.4509147239853064e+02,2.7364693878262085e+00
39149,5.4509147239853064e+02,2.7364693878262085e+00
39276,5.4509147239853064e+02,2.7364693878262085e+00
39402,5.4509147239853064e+02,2.7364693878262085e+00
39528,5.4509147239853064e+02,2.7364693878262085e+00
39654,5.4509147239853064e+02,2.7364693878262085e+00
39780,5.4509147239853064e+02,2.7364693878262085e+00
39906,5.4509147239853064e+02,2.7364693878262085e+00
40032,5.4509147239853064e+02,2.7364693878262085e+00
40158,5.4509147239853064e+02,2.7364693878262085e+00
40284,5.4509147239853064e+02,2.7364693878262085e+00
40410,5.4509147239853064e+02,2.7364693878262085e+00
40536,5.4509147239853064e+02,2.7364693878262085e+00
40662,5.4509147239853064e+02,2.7364693878262085e+00
40787,5.4509147239853064e+02,2.7364693878262085e+00
40912,5.4509147239853064e+02,2.7364693878262085e+00
41037,5.4509147239853064e+02,2.7364693878262085e+00
41162,5.4509147239853064e+02,2.7364693878262085e+00
41287,5.4509147239853064e+02,2.7364693878262085e+00
41412,5.4509147239853064e+02,2.7364693878262085e+00
41537,5.4509147239853064e+02,2.7364693878262085e+00
41662,5.4509147239853064e+02,2.7364693878262085e+00
41787,5.4509147239853064e+02,2.7364693878262085e+00
41912,5.4509147239853064e+02,2.7364693878262085e+00
42037,5.4509147239853064e+02,2.7364693878262085e+00
42162,5.4509147239853064e+02,2.7364693878262085e+00
42286,5.4509147239853064e+02,2.7364693878262085e+00
42410,5.4509147239853064e+02,2.7364693878262085e+00
42534,5.4509147239853064e+02,2.7364693878262085e+00
42658,5.4509147239853064e+02,2.7364693878262085e+00
42782,5.4509147239853064e+02,2.7364693878262085e+00
42906,5.4509147239853064e+02,2.7364693878262085e+00
43030,5.4509147239853064e+02,2.7364693878262085e+00
43154,5.4509147239853064e+02,2.7364693878262085e+00
43278,5.4509147239853064e+02,2.7364693878262085e+00
43402,5.4509147239853064e+02,2.7364693878262085e+00
43526,5.4509147239853064e+02,2.7364693878262085e+00
43650,5.4509147239853064e+02,2.7364693878262085e+00
43773,5.4509147239853064e+02,2.7364693878262085e+00
43896,5.4509147239853064e+02,2.7364693878262085e+00
44019,5.4509147239853064e+02,2.7364693878262085e+00
44142,5.4509147239853064e+02,2.7364693878262085e+00
44265,5.4509147239853064e+02,2.7364693878262085e+00
44388,5.4509147239853064e+02,2.7364693878262085e+00
44560,5.4509147239853064e+02,2.7364693878262085e+00
44683,5.4509147239853064e+02,2.7364693878262085e+00
44806,5.4509147239853064e+02,2.7364693878262085e+00
44929,5.4509147239853064e+02,2.7364693878262085e+00
45052,5.4509147239853064e+02,2.7364693878262085e+00
45174,5.4509147239853064e+02,2.7364693878262085e+00
45296,5.4509147239853064e+02,2.7364693878262085e+00
45418,5.4509147239853064e+02,2.7364693878262085e+00
45540,5.4509147239853064e+02,2.7364693878262085e+00
45662,5.4509147239853064e+02,2.7364693878262085e+00
45784,5.4509147239853064e+02,2.7364693878262085e+00
45906,5.4509147239853064e+02,2.7364693878262085e+00
46028,5.4509147239853064e+02,2.7364693878262085e+00
46150,5.4509147239853064e+02,2.7364693878262085e+00
46272,5.4509147239853064e+02,2.7364693878262085e+00
46394,5.4509147239853064e+02,2.7364693878262085e+00
46516,5.4509147239853064e+02,2.7364693878262085e+00
46637,5.4509147239853064e+02,2.7364693878262085e+00
46758,5.4509147239853064e+02,2.7364693878262085e+00
46879,5.4509147239853064e+02,2.7364693878262085e+00
47000,5.4509147239853064e+02,2.7364693878262085e+00
47121,5.4509147239853064e+02,2.7364693878262085e+00
47242,5.4509147239853064e+02,2.7364693878262085e+00
47363,5.4509147239853064e+02,2.7364693878262085e+00
47484,5.4509147239853064e+02,2.7364693878262085e+00
47605,5.4509147239853064e+02,2.7364693878262085e+00
47726,5.4509147239853064e+02,2.7364693878262085e+00
47847,5.4509147239853064e+02,2.7364693878262085e+00
47968,5.4509147239853064e+02,2.7364693878262085e+00
48088,5.4509147239853064e+02,2.7364693878262085e+00
48208,5.4509147239853064e+02,2.7364693878262085e+00
48328,5.4509147239853064e+02,2.7364693878262085e+00
48448,5.4509147239853064e+02,2.7364693878262085e+00
48568,5.4509147239853064e+02,2.7364693878262085e+00
48688,5.4509147239853064e+02,2.7364693878262085e+00
48808,5.3694418462884369e+02,2.7299291431156720e+00
48928,5.3694418462884369e+02,2.7299291431156720e+00
49048,5.3694418462884369e+02,2.7299291431156720e+00
49168,5.3694418462884369e+02,2.7299291431156720e+00
49288,5.3694418462884369e+02,2.7299291431156720e+00
49407,5.3694418462884369e+02,2.7299291431156720e+00
49526,5.3694418462884369e+02,2.7299291431156720e+00
49645,5.3694418462884369e+02,2.7299291431156720e+00
49764,5.3694418462884369e+02,2.7299291431156720e+00
49883,5.3694418462884369e+02,2.7299291431156720e+00
50002,5.3694418462884369e+02,2.7299291431156720e+00
50121,5.3694418462884369e+02,2.7299291431156720e+00
50240,5.3694418462884369e+02,2.7299291431156720e+00
50359,5.3694418462884369e+02,2.7299291431156720e+00
50478,5.3694418462884369e+02,2.7299291431156720e+00
50597,5.3694418462884369e+02,2.7299291431156720e+00
50716,5.3694418462884369e+02,2.7299291431156720e+00
50834,5.3694418462884369e+02,2.7299291431156720e+00
50952,5.3694418462884369e+02,2.7299291431156720e+00
51070,5.3363661598493945e+02,2.7272456214606415e+00
51188,5.3363661598493945e+02,2.7272456214606415e+00
51306,5.3363661598493945e+02,2.7272456214606415e+00
51424,5.3363661598493945e+02,2.7272456214606415e+00
51542,5.3363661598493945e+02,2.7272456214606415e+00
51660,5.3363661598493945e+02,2.7272456214606415e+00
51778,5.3363661598493945e+02,2.7272456214606415e+00
51896,5.3363661598493945e+02,2.7272456214606415e+00
52014,5.2878377383965471e+02,2.7232781200025085e+00
52132,5.2878377383965471e+02,2.7232781200025085e+00
52249,5.2878377383965471e+02,2.7232781200025085e+00
52366,5.2878377383965471e+02,2.7232781200025085e+00
52483,5.2878377383965471e+02,2.7232781200025085e+00
52600,5.2878377383965471e+02,2.7232781200025085e+00
52717,5.2878377383965471e+02,2.7232781200025085e+00
52834,5.2878377383965471e+02,2.7232781200025085e+00
52951,5.2878377383965471e+02,2.7232781200025085e+00
53068,5.2878377383965471e+02,2.7232781200025085e+00
53185,5.2878377383965471e+02,2.7232781200025085e+00
53302,5.2878377383965471e+02,2.7232781200025085e+00
53419,5.2878377383965471e+02,2.7232781200025085e+00
53536,5.2878377383965471e+02,2.7232781200025085e+00
53653,5.2878377383965471e+02,2.7232781200025085e+00
53769,5.2878377383965471e+02,2.7232781200025085e+00
53885,5.2878377383965471e+02,2.7232781200025085e+00
54001,5.2878377383965471e+02,2.7232781200025085e+00
54117,5.2878377383965471e+02,2.7232781200025085e+00
54233,5.2878377383965471e+02,2.7232781200025085e+00
54349,5.2878377383965471e+02,2.7232781200025085e+00
54465,5.2878377383965471e+02,2.7232781200025085e+00
54581,5.2363297728999260e+02,2.7190269896817787e+00
54697,5.2363297728999260e+02,2.7190269896817787e+00
54813,5.2363297728999260e+02,2.7190269896817787e+00
54929,5.2363297728999260e+02,2.7190269896817787e+00
55045,5.2363297728999260e+02,2.7190269896817787e+00
55160,5.0282070573733932e+02,2.7014131532667407e+00
55275,5.0282070573733932e+02,2.7014131532667407e+00
55390,5.0282070573733932e+02,2.7014131532667407e+00
55505,5.0282070573733932e+02,2.7014131532667407e+00
55620,5.0282070573733932e+02,2.7014131532667407e+00
55735,5.0282070573733932e+02,2.7014131532667407e+00
55850,5.0282070573733932e+02,2.7014131532667407e+00
55965,5.0282070573733932e+02,2.7014131532667407e+00
56080,5.0282070573733932e+02,2.7014131532667407e+00
56195,5.0282070573733932e+02,2.7014131532667407e+00
56310,5.0282070573733932e+02,2.7014131532667407e+00
56425,5.0282070573733932e+02,2.7014131532667407e+00
56539,5.0282070573733932e+02,2.7014131532667407e+00
56653,5.0282070573733932e+02,2.7014131532667407e+00
56767,5.0282070573733932e+02,2.7014131532667407e+00
56881,5.0282070573733932e+02,2.7014131532667407e+00
56995,5.0282070573733932e+02,2.7014131532667407e+00
57109,5.0282070573733932e+02,2.7014131532667407e+00
57223,5.0282070573733932e+02,2.7014131532667407e+00
57337,5.0282070573733932e+02,2.7014131532667407e+00
57451,5.0282070573733932e+02,2.7014131532667407e+00
57565,5.0282070573733932e+02,2.7014131532667407e+00
57679,5.0282070573733932e+02,2.7014131532667407e+00
57793,5.0282070573733932e+02,2.7014131532667407e+00
57906,5.0282070573733932e+02,2.7014131532667407e+00
58019,5.0282070573733932e+02,2.7014131532667407e+00
58132,5.0282070573733932e+02,2.7014131532667407e+00
58245,5.0282070573733932e+02,2.7014131532667407e+00
58358,5.0282070573733932e+02,2.7014131532667407e+00
58471,5.0282070573733932e+02,2.7014131532667407e+00
58584,5.0282070573733932e+02,2.7014131532667407e+00
58697,5.0282070573733932e+02,2.7014131532667407e+00
58810,5.0282070573733932e+02,2.7014131532667407e+00
58923,5.0282070573733932e+02,2.7014131532667407e+00
59036,5.0282070573733932e+02,2.7014131532667407e+00
59149,5.0282070573733932e+02,2.7014131532667407e+00
59262,5.0282070573733932e+02,2.7014131532667407e+00
59374,5.0282070573733932e+02,2.7014131532667407e+00
59486,5.0282070573733932e+02,2.7014131532667407e+00
59598,5.0282070573733932e+02,2.7014131532667407e+00
59710,5.0282070573733932e+02,2.7014131532667407e+00
59822,5.0282070573733932e+02,2.7014131532667407e+00
59934,5.0282070573733932e+02,2.7014131532667407e+00
60046,5.0282070573733932e+02,2.7014131532667407e+00
60158,5.0282070573733932e+02,2.7014131532667407e+00
60270,5.0282070573733932e+02,2.7014131532667407e+00
60382,5.0282070573733932e+02,2.7014131532667407e+00
60494,5.0282070573733932e+02,2.7014131532667407e+00
60606,5.0282070573733932e+02,2.7014131532667407e+00
60717,5.0282070573733932e+02,2.7014131532667407e+00
60828,5.0282070573733932e+02,2.7014131532667407e+00
60939,5.0282070573733932e+02,2.7014131532667407e+00
61050,5.0282070573733932e+02,2.7014131532667407e+00
61161,5.0282070573733932e+02,2.7014131532667407e+00
61272,5.0282070573733932e+02,2.7014131532667407e+00
61383,5.0282070573733932e+02,2.7014131532667407e+00
61494,5.0282070573733932e+02,2.7014131532667407e+00
61605,5.0282070573733932e+02,2.7014131532667407e+00
61716,5.0282070573733932e+02,2.7014131532667407e+00
61827,5.0282070573733932e+02,2.7014131532667407e+00
61938,5.0282070573733932e+02,2.7014131532667407e+00
62049,4.9249189253440039e+02,2.6923990854802220e+00
62159,4.9249189253440039e+02,2.6923990854802220e+00
62269,4.9249189253440039e+02,2.6923990854802220e+00
62379,4.9249189253440039e+02,2.6923990854802220e+00
62489,4.9249189253440039e+02,2.6923990854802220e+00
62599,4.9249189253440039e+02,2.6923990854802220e+00
62709,4.9249189253440039e+02,2.6923990854802220e+00
62819,4.9249189253440039e+02,2.6923990854802220e+00
62929,4.9249189253440039e+02,2.6923990854802220e+00
63039,4.9249189253440039e+02,2.6923990854802220e+00
63149,4.9249189253440039e+02,2.6923990854802220e+00
63259,4.9249189253440039e+02,2.6923990854802220e+00
63369,4.9249189253440039e+02,2.6923990854802220e+00
63479,4.9249189253440039e+02,2.6923990854802220e+00
63588,4.9249189253440039e+02,2.6923990854802220e+00
63697,4.9249189253440039e+02,2.6923990854802220e+00
63806,4.9249189253440039e+02,2.6923990854802220e+00
63915,4.9249189253440039e+02,2.6923990854802220e+00
64024,4.9249189253440039e+02,2.6923990854802220e+00
64133,4.9249189253440039e+02,2.6923990854802220e+00
64242,4.9249189253440039e+02,2.6923990854802220e+00
64351,4.9249189253440039e+02,2.6923990854802220e+00
64460,4.9249189253440039e+02,2.6923990854802220e+00
64569,4.9249189253440039e+02,2.6923990854802220e+00
64678,4.9249189253440039e+02,2.6923990854802220e+00
64787,4.9249189253440039e+02,2.6923990854802220e+00
64896,4.9249189253440039e+02,2.6923990854802220e+00
65004,4.9249189253440039e+02,2.6923990854802220e+00
65112,4.9249189253440039e+02,2.6923990854802220e+00
65220,4.9249189253440039e+02,2.6923990854802220e+00
65328,4.9249189253440039e+02,2.6923990854802220e+00
65436,4.9249189253440039e+02,2.6923990854802220e+00
65544,4.9249189253440039e+02,2.6923990854802220e+00
65652,4.9249189253440039e+02,2.6923990854802220e+00
65760,4.9249189253440039e+02,2.6923990854802220e+00
65868,4.9249189253440039e+02,2.6923990854802220e+00
65976,4.9249189253440039e+02,2.6923990854802220e+00
66084,4.9249189253440039e+02,2.6923990854802220e+00
66192,4.9249189253440039e+02,2.6923990854802220e+00
66300,4.9249189253440039e+02,2.6923990854802220e+00
66407,4.9249189253440039e+02,2.6923990854802220e+00
66514,4.9249189253440039e+02,2.6923990854802220e+00
66621,4.9249189253440039e+02,2.6923990854802220e+00
66728,4.9249189253440039e+02,2.6923990854802220e+00
66835,4.9249189253440039e+02,2.6923990854802220e+00
66942,4.9249189253440039e+02,2.6923990854802220e+00
67049,4.9249189253440039e+02,2.6923990854802220e+00
67156,4.9249189253440039e+02,2.6923990854802220e+00
67263,4.9249189253440039e+02,2.6923990854802220e+00
67370,4.9249189253440039e+02,2.6923990854802220e+00
67477,4.9249189253440039e+02,2.6923990854802220e+00
67584,4.9249189253440039e+02,2.6923990854802220e+00
67691,4.9249189253440039e+02,2.6923990854802220e+00
67797,4.9249189253440039e+02,2.6923990854802220e+00
67903,4.9249189253440039e+02,2.6923990854802220e+00
68009,4.9249189253440039e+02,2.6923990854802220e+00
68115,4.9249189253440039e+02,2.6923990854802220e+00
68221,4.9249189253440039e+02,2.6923990854802220e+00
68327,4.9249189253440039e+02,2.6923990854802220e+00
68433,4.9249189253440039e+02,2.6923990854802220e+00
68539,4.9249189253440039e+02,2.6923990854802220e+00
68645,4.9249189253440039e+02,2.6923990854802220e+00
68751,4.9249189253440039e+02,2.6923990854802220e+00
68857,4.9249189253440039e+02,2.6923990854802220e+00
68963,4.9249189253440039e+02,2.6923990854802220e+00
69069,4.9249189253440039e+02,2.6923990854802220e+00
69174,4.9249189253440039e+02,2.6923990854802220e+00
69279,4.9249189253440039e+02,2.6923990854802220e+00
69384,4.9249189253440039e+02,2.6923990854802220e+00
69489,4.9249189253440039e+02,2.6923990854802220e+00
69594,4.8909897226845499e+02,2.6893967502500131e+00
69699,4.8909897226845499e+02,2.6893967502500131e+00
69804,4.8909897226845499e+02,2.6893967502500131e+00
69909,4.8909897226845499e+02,2.6893967502500131e+00
70014,4.8909897226845499e+02,2.6893967502500131e+00
70119,4.8909897226845499e+02,2.6893967502500131e+00
70224,4.8909897226845499e+02,2.6893967502500131e+00
70329,4.8909897226845499e+02,2.6893967502500131e+00
70434,4.8909897226845499e+02,2.6893967502500131e+00
70538,4.8909897226845499e+02,2.6893967502500131e+00
70642,4.8909897226845499e+02,2.6893967502500131e+00
70746,4.8909897226845499e+02,2.6893967502500131e+00
70850,4.8909897226845499e+02,2.6893967502500131e+00
70954,4.8909897226845499e+02,2.6893967502500131e+00
71058,4.8909897226845499e+02,2.6893967502500131e+00
71162,4.8909897226845499e+02,2.6893967502500131e+00
71266,4.8909897226845499e+02,2.6893967502500131e+00
71370,4.8909897226845499e+02,2.6893967502500131e+00
71474,4.8909897226845499e+02,2.6893967502500131e+00
71578,4.8909897226845499e+02,2.6893967502500131e+00
71682,4.8909897226845499e+02,2.6893967502500131e+00
71786,4.8909897226845499e+02,2.6893967502500131e+00
71890,4.8909897226845499e+02,2.6893967502500131e+00
71993,4.8909897226845499e+02,2.6893967502500131e+00
72096,4.8909897226845499e+02,2.6893967502500131e+00
72199,4.8909897226845499e+02,2.6893967502500131e+00
72302,4.8909897226845499e+02,2.6893967502500131e+00
72405,4.8909897226845499e+02,2.6893967502500131e+00
72508,4.8909897226845499e+02,2.6893967502500131e+00
72611,4.8909897226845499e+02,2.6893967502500131e+00
72714,4.8909897226845499e+02,2.6893967502500131e+00
72817,4.8909897226845499e+02,2.6893967502500131e+00
72920,4.8909897226845499e+02,2.6893967502500131e+00
73023,4.8909897226845499e+02,2.6893967502500131e+00
73126,4.8909897226845499e+02,2.6893967502500131e+00
73229,4.8909897226845499e+02,2.6893967502500131e+00
73331,4.8909897226845499e+02,2.6893967502500131e+00
73433,4.8909897226845499e+02,2.6893967502500131e+00
73535,4.8909897226845499e+02,2.6893967502500131e+00
73637,4.8909897226845499e+02,2.6893967502500131e+00
73739,4.8909897226845499e+02,2.6893967502500131e+00
73841,4.8909897226845499e+02,2.6893967502500131e+00
73943,4.8909897226845499e+02,2.6893967502500131e+00
74045,4.8909897226845499e+02,2.6893967502500131e+00
74147,4.8909897226845499e+02,2.6893967502500131e+00
74249,4.8909897226845499e+02,2.6893967502500131e+00
74351,4.8909897226845499e+02,2.6893967502500131e+00
74453,4.8909897226845499e+02,2.6893967502500131e+00
74555,4.8909897226845499e+02,2.6893967502500131e+00
74657,4.8909897226845499e+02,2.6893967502500131e+00
74758,4.8909897226845499e+02,2.6893967502500131e+00
74859,4.8909897226845499e+02,2.6893967502500131e+00
74960,4.8909897226845499e+02,2.6893967502500131e+00
75061,4.8909897226845499e+02,2.6893967502500131e+00
75162,4.8909897226845499e+02,2.6893967502500131e+00
75263,4.8909897226845499e+02,2.6893967502500131e+00
75364,4.8909897226845499e+02,2.6893967502500131e+00
75465,4.8909897226845499e+02,2.6893967502500131e+00
75566,4.8909897226845499e+02,2.6893967502500131e+00
75667,4.8909897226845499e+02,2.6893967502500131e+00
75768,4.8909897226845499e+02,2.6893967502500131e+00
75869,4.8909897226845499e+02,2.6893967502500131e+00
75970,4.8909897226845499e+02,2.6893967502500131e+00
76071,4.8909897226845499e+02,2.6893967502500131e+00
76171,4.8909897226845499e+02,2.6893967502500131e+00
76271,4.8909897226845499e+02,2.6893967502500131e+00
76371,4.8909897226845499e+02,2.6893967502500131e+00
76471,4.8909897226845499e+02,2.6893967502500131e+00
76571,4.8909897226845499e+02,2.6893967502500131e+00
76671,4.8909897226845499e+02,2.6893967502500131e+00
76771,4.8909897226845499e+02,2.6893967502500131e+00
76871,4.8909897226845499e+02,2.6893967502500131e+00
76971,4.8909897226845499e+02,2.6893967502500131e+00
77071,4.8909897226845499e+02,2.6893967502500131e+00
77171,4.8909897226845499e+02,2.6893967502500131e+00
77271,4.8909897226845499e+02,2.6893967502500131e+00
77371,4.8909897226845499e+02,2.6893967502500131e+00
77471,4.8909897226845499e+02,2.6893967502500131e+00
77570,4.8909897226845499e+02,2.6893967502500131e+00
77669,4.8909897226845499e+02,2.6893967502500131e+00
77768,4.8909897226845499e+02,2.6893967502500131e+00
77867,4.8909897226845499e+02,2.6893967502500131e+00
77966,4.8909897226845499e+02,2.6893967502500131e+00
78065,4.8909897226845499e+02,2.6893967502500131e+00
78164,4.8909897226845499e+02,2.6893967502500131e+00
78263,4.8909897226845499e+02,2.6893967502500131e+00
78362,4.8909897226845499e+02,2.6893967502500131e+00
78461,4.8909897226845499e+02,2.6893967502500131e+00
78560,4.8909897226845499e+02,2.6893967502500131e+00
78659,4.8909897226845499e+02,2.6893967502500131e+00
78758,4.8909897226845499e+02,2.6893967502500131e+00
78857,4.8909897226845499e+02,2.6893967502500131e+00
78955,4.8909897226845499e+02,2.6893967502500131e+00
79053,4.8909897226845499e+02,2.6893967502500131e+00
79151,4.8909897226845499e+02,2.6893967502500131e+00
79249,4.8909897226845499e+02,2.6893967502500131e+00
79347,4.8909897226845499e+02,2.6893967502500131e+00
79445,4.8909897226845499e+02,2.6893967502500131e+00
79543,4.8909897226845499e+02,2.6893967502500131e+00
79641,4.8909897226845499e+02,2.6893967502500131e+00
79739,4.8909897226845499e+02,2.6893967502500131e+00
79837,4.8909897226845499e+02,2.6893967502500131e+00
79935,4.8909897226845499e+02,2.6893967502500131e+00
80033,4.8909897226845499e+02,2.6893967502500131e+00
80131,4.8909897226845499e+02,2.6893967502500131e+00
80229,4.8909897226845499e+02,2.6893967502500131e+00
80326,4.8909897226845499e+02,2.6893967502500131e+00
80423,4.8909897226845499e+02,2.6893967502500131e+00
80520,4.8909897226845499e+02,2.6893967502500131e+00
80617,4.8909897226845499e+02,2.6893967502500131e+00
80714,4.8909897226845499e+02,2.6893967502500131e+00
80811,4.8909897226845499e+02,2.6893967502500131e+00
80908,4.8909897226845499e+02,2.6893967502500131e+00
81005,4.8909897226845499e+02,2.6893967502500131e+00
81102,4.8909897226845499e+02,2.6893967502500131e+00
81199,4.8909897226845499e+02,2.6893967502500131e+00
81296,4.8909897226845499e+02,2.6893967502500131e+00
81393,4.8909897226845499e+02,2.6893967502500131e+00
81490,4.8909897226845499e+02,2.6893967502500131e+00
81587,4.8909897226845499e+02,2.6893967502500131e+00
81684,4.8909897226845499e+02,2.6893967502500131e+00
81780,4.8909897226845499e+02,2.6893967502500131e+00
81876,4.8909897226845499e+02,2.6893967502500131e+00
81972,4.8909897226845499e+02,2.6893967502500131e+00
82068,4.8909897226845499e+02,2.6893967502500131e+00
82164,4.8909897226845499e+02,2.6893967502500131e+00
82260,4.8909897226845499e+02,2.6893967502500131e+00
82356,4.8909897226845499e+02,2.6893967502500131e+00
82452,4.8909897226845499e+02,2.6893967502500131e+00
82548,4.8909897226845499e+02,2.6893967502500131e+00
82644,4.8909897226845499e+02,2.6893967502500131e+00
82740,4.8909897226845499e+02,2.6893967502500131e+00
82836,4.8909897226845499e+02,2.6893967502500131e+00
82932,4.8909897226845499e+02,2.6893967502500131e+00
83028,4.8909897226845499e+02,2.6893967502500131e+00
83124,4.8909897226845499e+02,2.6893967502500131e+00
83219,4.8909897226845499e+02,2.6893967502500131e+00
83314,4.8909897226845499e+02,2.6893967502500131e+00
83409,4.8909897226845499e+02,2.6893967502500131e+00
83504,4.8909897226845499e+02,2.6893967502500131e+00
83599,4.8909897226845499e+02,2.6893967502500131e+00
83694,4.8909897226845499e+02,2.6893967502500131e+00
83789,4.8418403701211042e+02,2.6850104671547963e+00
83884,4.8418403701211042e+02,2.6850104671547963e+00
83979,4.8418403701211042e+02,2.6850104671547963e+00
84074,4.8418403701211042e+02,2.6850104671547963e+00
84169,4.8418403701211042e+02,2.6850104671547963e+00
84264,4.8418403701211042e+02,2.6850104671547963e+00
84359,4.8418403701211042e+02,2.6850104671547963e+00
84454,4.8418403701211042e+02,2.6850104671547963e+00
84548,4.8418403701211042e+02,2.6850104671547963e+00
84642,4.8418403701211042e+02,2.6850104671547963e+00
84736,4.8418403701211042e+02,2.6850104671547963e+00
84830,4.8418403701211042e+02,2.6850104671547963e+00
84924,4.8418403701211042e+02,2.6850104671547963e+00
85018,4.8418403701211042e+02,2.6850104671547963e+00
85112,4.8418403701211042e+02,2.6850104671547963e+00
85206,4.8418403701211042e+02,2.6850104671547963e+00
85300,4.8418403701211042e+02,2.6850104671547963e+00
85394,4.8418403701211042e+02,2.6850104671547963e+00
85488,4.8418403701211042e+02,2.6850104671547963e+00
85582,4.8418403701211042e+02,2.6850104671547963e+00
85676,4.8418403701211042e+02,2.6850104671547963e+00
85770,4.8418403701211042e+02,2.6850104671547963e+00
85864,4.8418403701211042e+02,2.6850104671547963e+00
85957,4.8418403701211042e+02,2.6850104671547963e+00
86050,4.8418403701211042e+02,2.6850104671547963e+00
86143,4.8418403701211042e+02,2.6850104671547963e+00
86236,4.8418403701211042e+02,2.6850104671547963e+00
86329,4.8418403701211042e+02,2.6850104671547963e+00
86422,4.8418403701211042e+02,2.6850104671547963e+00
86515,4.8418403701211042e+02,2.6850104671547963e+00
86608,4.8418403701211042e+02,2.6850104671547963e+00
86701,4.8418403701211042e+02,2.6850104671547963e+00
86794,4.8418403701211042e+02,2.6850104671547963e+00
86887,4.8418403701211042e+02,2.6850104671547963e+00
86980,4.8418403701211042e+02,2.6850104671547963e+00
87073,4.8418403701211042e+02,2.6850104671547963e+00
87166,4.8418403701211042e+02,2.6850104671547963e+00
87259,4.8418403701211042e+02,2.6850104671547963e+00
87352,4.8418403701211042e+02,2.6850104671547963e+00
87444,4.8418403701211042e+02,2.6850104671547963e+00
87536,4.8418403701211042e+02,2.6850104671547963e+00
87628,4.8418403701211042e+02,2.6850104671547963e+00
87720,4.8418403701211042e+02,2.6850104671547963e+00
87812,4.8418403701211042e+02,2.6850104671547963e+00
87904,4.8418403701211042e+02,2.6850104671547963e+00
87996,4.8418403701211042e+02,2.6850104671547963e+00
88088,4.8418403701211042e+02,2.6850104671547963e+00
88180,4.8418403701211042e+02,2.6850104671547963e+00
88272,4.8418403701211042e+02,2.6850104671547963e+00
88364,4.8418403701211042e+02,2.6850104671547963e+00
88456,4.8418403701211042e+02,2.6850104671547963e+00
88548,4.8418403701211042e+02,2.6850104671547963e+00
88640,4.8418403701211042e+02,2.6850104671547963e+00
88732,4.8418403701211042e+02,2.6850104671547963e+00
88823,4.8418403701211042e+02,2.6850104671547963e+00
88914,4.8418403701211042e+02,2.6850104671547963e+00
89005,4.8418403701211042e+02,2.6850104671547963e+00
89096,4.8418403701211042e+02,2.6850104671547963e+00
89187,4.8418403701211042e+02,2.6850104671547963e+00
89278,4.8418403701211042e+02,2.6850104671547963e+00
89369,4.8418403701211042e+02,2.6850104671547963e+00
89460,4.8418403701211042e+02,2.6850104671547963e+00
89551,4.8418403701211042e+02,2.6850104671547963e+00
89642,4.8418403701211042e+02,2.6850104671547963e+00
89733,4.8418403701211042e+02,2.6850104671547963e+00
89824,4.8418403701211042e+02,2.6850104671547963e+00
89915,4.8418403701211042e+02,2.6850104671547963e+00
90006,4.8418403701211042e+02,2.6850104671547963e+00
90097,4.8418403701211042e+02,2.6850104671547963e+00
90188,4.8418403701211042e+02,2.6850104671547963e+00
90278,4.8418403701211042e+02,2.6850104671547963e+00
90368,4.8418403701211042e+02,2.6850104671547963e+00
90458,4.8418403701211042e+02,2.6850104671547963e+00
90548,4.8418403701211042e+02,2.6850104671547963e+00
90638,4.8418403701211042e+02,2.6850104671547963e+00
90728,4.8418403701211042e+02,2.6850104671547963e+00
90818,4.8418403701211042e+02,2.6850104671547963e+00
90908,4.8418403701211042e+02,2.6850104671547963e+00
90998,4.8418403701211042e+02,2.6850104671547963e+00
91088,4.8418403701211042e+02,2.6850104671547963e+00
91178,4.8418403701211042e+02,2.6850104671547963e+00
91268,4.8418403701211042e+02,2.6850104671547963e+00
91358,4.8418403701211042e+02,2.6850104671547963e+00
91448,4.8418403701211042e+02,2.6850104671547963e+00
91538,4.8418403701211042e+02,2.6850104671547963e+00
91628,4.8418403701211042e+02,2.6850104671547963e+00
91717,4.8418403701211042e+02,2.6850104671547963e+00
91806,4.8418403701211042e+02,2.6850104671547963e+00
91895,4.8418403701211042e+02,2.6850104671547963e+00
91984,4.8418403701211042e+02,2.6850104671547963e+00
92073,4.8418403701211042e+02,2.6850104671547963e+00
92162,4.8418403701211042e+02,2.6850104671547963e+00
92251,4.8418403701211042e+02,2.6850104671547963e+00
92340,4.8418403701211042e+02,2.6850104671547963e+00
92429,4.8418403701211042e+02,2.6850104671547963e+00
92518,4.8418403701211042e+02,2.6850104671547963e+00
92607,4.8418403701211042e+02,2.6850104671547963e+00
92696,4.8418403701211042e+02,2.6850104671547963e+00
92785,4.8418403701211042e+02,2.6850104671547963e+00
92874,4.8418403701211042e+02,2.6850104671547963e+00
92963,4.8418403701211042e+02,2.6850104671547963e+00
93052,4.8418403701211042e+02,2.6850104671547963e+00
93140,4.8418403701211042e+02,2.6850104671547963e+00
93228,4.8418403701211042e+02,2.6850104671547963e+00
93316,4.8418403701211042e+02,2.6850104671547963e+00
93404,4.8418403701211042e+02,2.6850104671547963e+00
93492,4.8418403701211042e+02,2.6850104671547963e+00
93580,4.8418403701211042e+02,2.6850104671547963e+00
93668,4.8418403701211042e+02,2.6850104671547963e+00
93756,4.8418403701211042e+02,2.6850104671547963e+00
93844,4.8418403701211042e+02,2.6850104671547963e+00
93932,4.8418403701211042e+02,2.6850104671547963e+00
94020,4.8418403701211042e+02,2.6850104671547963e+00
94108,4.8418403701211042e+02,2.6850104671547963e+00
94196,4.8418403701211042e+02,2.6850104671547963e+00
94284,4.8418403701211042e+02,2.6850104671547963e+00
94372,4.8418403701211042e+02,2.6850104671547963e+00
94460,4.8418403701211042e+02,2.6850104671547963e+00
94547,4.8418403701211042e+02,2.6850104671547963e+00
94634,4.8418403701211042e+02,2.6850104671547963e+00
94721,4.8418403701211042e+02,2.6850104671547963e+00
94808,4.8418403701211042e+02,2.6850104671547963e+00
94895,4.8418403701211042e+02,2.6850104671547963e+00
94982,4.8418403701211042e+02,2.6850104671547963e+00
95069,4.8418403701211042e+02,2.6850104671547963e+00
95156,4.8418403701211042e+02,2.6850104671547963e+00
95243,4.8418403701211042e+02,2.6850104671547963e+00
95330,4.8418403701211042e+02,2.6850104671547963e+00
95417,4.8418403701211042e+02,2.6850104671547963e+00
95504,4.8418403701211042e+02,2.6850104671547963e+00
95591,4.8418403701211042e+02,2.6850104671547963e+00
95678,4.8418403701211042e+02,2.6850104671547963e+00
95765,4.8418403701211042e+02,2.6850104671547963e+00
95852,4.8418403701211042e+02,2.6850104671547963e+00
95939,4.8418403701211042e+02,2.6850104671547963e+00
96025,4.8418403701211042e+02,2.6850104671547963e+00
96111,4.8418403701211042e+02,2.6850104671547963e+00
96197,4.8418403701211042e+02,2.6850104671547963e+00
96283,4.8418403701211042e+02,2.6850104671547963e+00
96369,4.8418403701211042e+02,2.6850104671547963e+00
96455,4.8418403701211042e+02,2.6850104671547963e+00
96541,4.8418403701211042e+02,2.6850104671547963e+00
96627,4.8418403701211042e+02,2.6850104671547963e+00
96713,4.8418403701211042e+02,2.6850104671547963e+00
96799,4.8418403701211042e+02,2.6850104671547963e+00
96885,4.8418403701211042e+02,2.6850104671547963e+00
96971,4.8418403701211042e+02,2.6850104671547963e+00
97057,4.8418403701211042e+02,2.6850104671547963e+00
97143,4.8418403701211042e+02,2.6850104671547963e+00
97229,4.8418403701211042e+02,2.6850104671547963e+00
97315,4.8418403701211042e+02,2.6850104671547963e+00
97401,4.8418403701211042e+02,2.6850104671547963e+00
97486,4.8418403701211042e+02,2.6850104671547963e+00
97571,4.8418403701211042e+02,2.6850104671547963e+00
97656,4.8418403701211042e+02,2.6850104671547963e+00
97741,4.8418403701211042e+02,2.6850104671547963e+00
97826,4.8418403701211042e+02,2.6850104671547963e+00
97911,4.8418403701211042e+02,2.6850104671547963e+00
97996,4.7736791019749171e+02,2.6788532213473926e+00
98081,4.7736791019749171e+02,2.6788532213473926e+00
98166,4.7736791019749171e+02,2.6788532213473926e+00
98251,4.7736791019749171e+02,2.6788532213473926e+00
98336,4.7736791019749171e+02,2.6788532213473926e+00
98421,4.7736791019749171e+02,2.6788532213473926e+00
98506,4.7736791019749171e+02,2.6788532213473926e+00
98591,4.7736791019749171e+02,2.6788532213473926e+00
98676,4.7736791019749171e+02,2.6788532213473926e+00
98761,4.7736791019749171e+02,2.6788532213473926e+00
98846,4.7736791019749171e+02,2.6788532213473926e+00
98930,4.7736791019749171e+02,2.6788532213473926e+00
99014,4.7736791019749171e+02,2.6788532213473926e+00
99098,4.7736791019749171e+02,2.6788532213473926e+00
99182,4.7736791019749171e+02,2.6788532213473926e+00
99266,4.7736791019749171e+02,2.6788532213473926e+00
99350,4.7736791019749171e+02,2.6788532213473926e+00
99434,4.7736791019749171e+02,2.6788532213473926e+00
99518,4.7736791019749171e+02,2.6788532213473926e+00
99602,4.7736791019749171e+02,2.6788532213473926e+00
99686,4.7736791019749171e+02,2.6788532213473926e+00
99770,4.7736791019749171e+02,2.6788532213473926e+00
99854,4.7736791019749171e+02,2.6788532213473926e+00
99938,4.7736791019749171e+02,2.6788532213473926e+00
100022,4.7736791019749171e+02,2.6788532213473926e+00
100106,4.7736791019749171e+02,2.6788532213473926e+00
100190,4.7736791019749171e+02,2.6788532213473926e+00
100274,4.7736791019749171e+02,2.6788532213473926e+00
100357,4.7736791019749171e+02,2.6788532213473926e+00
100440,4.7472371819711799e+02,2.6764409305277193e+00
100523,4.7472371819711799e+02,2.6764409305277193e+00
100606,4.7472371819711799e+02,2.6764409305277193e+00
100689,4.7472371819711799e+02,2.6764409305277193e+00
100772,4.7472371819711799e+02,2.6764409305277193e+00
100855,4.7472371819711799e+02,2.6764409305277193e+00
100938,4.7472371819711799e+02,2.6764409305277193e+00
101021,4.7472371819711799e+02,2.6764409305277193e+00
101104,4.7472371819711799e+02,2.6764409305277193e+00
101187,4.7472371819711799e+02,2.6764409305277193e+00
101270,4.7472371819711799e+02,2.6764409305277193e+00
101353,4.7472371819711799e+02,2.6764409305277193e+00
101436,4.7472371819711799e+02,2.6764409305277193e+00
101519,4.7472371819711799e+02,2.6764409305277193e+00
101602,4.7472371819711799e+02,2.6764409305277193e+00
101685,4.7472371819711799e+02,2.6764409305277193e+00
101768,4.7472371819711799e+02,2.6764409305277193e+00
101850,4.7472371819711799e+02,2.6764409305277193e+00
101932,4.7472371819711799e+02,2.6764409305277193e+00
102014,4.7472371819711799e+02,2.6764409305277193e+00
102096,4.7472371819711799e+02,2.6764409305277193e+00
102178,4.7472371819711799e+02,2.6764409305277193e+00
102260,4.7472371819711799e+02,2.6764409305277193e+00
102342,4.7472371819711799e+02,2.6764409305277193e+00
102424,4.7472371819711799e+02,2.6764409305277193e+00
102506,4.7472371819711799e+02,2.6764409305277193e+00
102588,4.7472371819711799e+02,2.6764409305277193e+00
102670,4.7472371819711799e+02,2.6764409305277193e+00
102752,4.7472371819711799e+02,2.6764409305277193e+00
102834,4.7472371819711799e+02,2.6764409305277193e+00
102916,4.7472371819711799e+02,2.6764409305277193e+00
102998,4.7472371819711799e+02,2.6764409305277193e+00
103080,4.7472371819711799e+02,2.6764409305277193e+00
103162,4.7472371819711799e+02,2.6764409305277193e+00
103243,4.7472371819711799e+02,2.6764409305277193e+00
103324,4.7472371819711799e+02,2.6764409305277193e+00
103405,4.7472371819711799e+02,2.6764409305277193e+00
103486,4.7472371819711799e+02,2.6764409305277193e+00
103567,4.7472371819711799e+02,2.6764409305277193e+00
103648,4.7472371819711799e+02,2.6764409305277193e+00
103729,4.7472371819711799e+02,2.6764409305277193e+00
103810,4.7472371819711799e+02,2.6764409305277193e+00
103891,4.7472371819711799e+02,2.6764409305277193e+00
103972,4.7472371819711799e+02,2.6764409305277193e+00
104053,4.7472371819711799e+02,2.6764409305277193e+00
104134,4.7472371819711799e+02,2.6764409305277193e+00
104215,4.7472371819711799e+02,2.6764409305277193e+00
104296,4.7472371819711799e+02,2.6764409305277193e+00
104377,4.7472371819711799e+02,2.6764409305277193e+00
104458,4.7472371819711799e+02,2.6764409305277193e+00
104539,4.7472371819711799e+02,2.6764409305277193e+00
104620,4.7472371819711799e+02,2.6764409305277193e+00
104701,4.7472371819711799e+02,2.6764409305277193e+00
104781,4.7472371819711799e+02,2.6764409305277193e+00
104861,4.7472371819711799e+02,2.6764409305277193e+00
104941,4.7472371819711799e+02,2.6764409305277193e+00
105021,4.7472371819711799e+02,2.6764409305277193e+00
105101,4.7472371819711799e+02,2.6764409305277193e+00
105181,4.7472371819711799e+02,2.6764409305277193e+00
105261,4.7472371819711799e+02,2.6764409305277193e+00
105341,4.7472371819711799e+02,2.6764409305277193e+00
105421,4.7472371819711799e+02,2.6764409305277193e+00
105501,4.7472371819711799e+02,2.6764409305277193e+00
105581,4.7472371819711799e+02,2.6764409305277193e+00
105661,4.7472371819711799e+02,2.6764409305277193e+00
105741,4.7472371819711799e+02,2.6764409305277193e+00
105821,4.7472371819711799e+02,2.6764409305277193e+00
105901,4.7472371819711799e+02,2.6764409305277193e+00
105981,4.7472371819711799e+02,2.6764409305277193e+00
106061,4.7472371819711799e+02,2.6764409305277193e+00
106141,4.7472371819711799e+02,2.6764409305277193e+00
106220,4.7472371819711799e+02,2.6764409305277193e+00
106299,4.7472371819711799e+02,2.6764409305277193e+00
106378,4.7472371819711799e+02,2.6764409305277193e+00
106457,4.7472371819711799e+02,2.6764409305277193e+00
106536,4.7472371819711799e+02,2.6764409305277193e+00
106615,4.7472371819711799e+02,2.6764409305277193e+00
106694,4.7472371819711799e+02,2.6764409305277193e+00
106773,4.7472371819711799e+02,2.6764409305277193e+00
106852,4.7472371819711799e+02,2.6764409305277193e+00
106931,4.7472371819711799e+02,2.6764409305277193e+00
107010,4.7472371819711799e+02,2.6764409305277193e+00
107089,4.7472371819711799e+02,2.6764409305277193e+00
107168,4.7472371819711799e+02,2.6764409305277193e+00
107247,4.7472371819711799e+02,2.6764409305277193e+00
107326,4.7472371819711799e+02,2.6764409305277193e+00
107405,4.7472371819711799e+02,2.6764409305277193e+00
107484,4.7472371819711799e+02,2.6764409305277193e+00
107563,4.7472371819711799e+02,2.6764409305277193e+00
107642,4.7472371819711799e+02,2.6764409305277193e+00
107720,4.7472371819711799e+02,2.6764409305277193e+00
107798,4.7472371819711799e+02,2.6764409305277193e+00
107876,4.7472371819711799e+02,2.6764409305277193e+00
107954,4.7472371819711799e+02,2.6764409305277193e+00
108032,4.7472371819711799e+02,2.6764409305277193e+00
108110,4.7472371819711799e+02,2.6764409305277193e+00
108188,4.7472371819711799e+02,2.6764409305277193e+00
108266,4.7472371819711799e+02,2.6764409305277193e+00
108344,4.7472371819711799e+02,2.6764409305277193e+00
108422,4.7472371819711799e+02,2.6764409305277193e+00
108500,4.7472371819711799e+02,2.6764409305277193e+00
108578,4.7472371819711799e+02,2.6764409305277193e+00
108656,4.7472371819711799e+02,2.6764409305277193e+00
108734,4.7472371819711799e+02,2.6764409305277193e+00
108812,4.7472371819711799e+02,2.6764409305277193e+00
108890,4.7472371819711799e+02,2.6764409305277193e+00
108968,4.7472371819711799e+02,2.6764409305277193e+00
109046,4.7472371819711799e+02,2.6764409305277193e+00
109124,4.7472371819711799e+02,2.6764409305277193e+00
109201,4.7472371819711799e+02,2.6764409305277193e+00
109278,4.7472371819711799e+02,2.6764409305277193e+00
109355,4.7472371819711799e+02,2.6764409305277193e+00
109432,4.7472371819711799e+02,2.6764409305277193e+00
109509,4.7472371819711799e+02,2.6764409305277193e+00
109586,4.7472371819711799e+02,2.6764409305277193e+00
109663,4.7472371819711799e+02,2.6764409305277193e+00
109740,4.7472371819711799e+02,2.6764409305277193e+00
109817,4.7472371819711799e+02,2.6764409305277193e+00
109894,4.7472371819711799e+02,2.6764409305277193e+00
109971,4.7472371819711799e+02,2.6764409305277193e+00
110048,4.7472371819711799e+02,2.6764409305277193e+00
110125,4.7472371819711799e+02,2.6764409305277193e+00
110202,4.7472371819711799e+02,2.6764409305277193e+00
110279,4.7472371819711799e+02,2.6764409305277193e+00
110356,4.7472371819711799e+02,2.6764409305277193e+00
110433,4.7472371819711799e+02,2.6764409305277193e+00
110510,4.7472371819711799e+02,2.6764409305277193e+00
110587,4.7472371819711799e+02,2.6764409305277193e+00
110664,4.7472371819711799e+02,2.6764409305277193e+00
110740,4.7472371819711799e+02,2.6764409305277193e+00
110816,4.7472371819711799e+02,2.6764409305277193e+00
110892,4.7472371819711799e+02,2.6764409305277193e+00
110968,4.7472371819711799e+02,2.6764409305277193e+00
111044,4.7472371819711799e+02,2.6764409305277193e+00
111120,4.7472371819711799e+02,2.6764409305277193e+00
111196,4.7472371819711799e+02,2.6764409305277193e+00
111272,4.7472371819711799e+02,2.6764409305277193e+00
111348,4.7472371819711799e+02,2.6764409305277193e+00
111424,4.7472371819711799e+02,2.6764409305277193e+00
111500,4.7472371819711799e+02,2.6764409305277193e+00
111576,4.7472371819711799e+02,2.6764409305277193e+00
111652,4.7472371819711799e+02,2.6764409305277193e+00
111728,4.7472371819711799e+02,2.6764409305277193e+00
111804,4.7472371819711799e+02,2.6764409305277193e+00
111880,4.7472371819711799e+02,2.6764409305277193e+00
111956,4.7472371819711799e+02,2.6764409305277193e+00
112032,4.7472371819711799e+02,2.6764409305277193e+00
112108,4.7472371819711799e+02,2.6764409305277193e+00
112184,4.7472371819711799e+02,2.6764409305277193e+00
112259,4.7472371819711799e+02,2.6764409305277193e+00
112334,4.7472371819711799e+02,2.6764409305277193e+00
112409,4.7472371819711799e+02,2.6764409305277193e+00
112484,4.7472371819711799e+02,2.6764409305277193e+00
112559,4.7108877537200800e+02,2.6731027564308176e+00
112634,4.7108877537200800e+02,2.6731027564308176e+00
112709,4.7108877537200800e+02,2.6731027564308176e+00
112784,4.7108877537200800e+02,2.6731027564308176e+00
112859,4.7108877537200800e+02,2.6731027564308176e+00
112934,4.7108877537200800e+02,2.6731027564308176e+00
113009,4.7108877537200800e+02,2.6731027564308176e+00
113084,4.6230665569292199e+02,2.6649301458929857e+00
113159,4.6230665569292199e+02,2.6649301458929857e+00
113234,4.6230665569292199e+02,2.6649301458929857e+00
113309,4.6230665569292199e+02,2.6649301458929857e+00
113384,4.6230665569292199e+02,2.6649301458929857e+00
113459,4.6230665569292199e+02,2.6649301458929857e+00
113534,4.6230665569292199e+02,2.6649301458929857e+00
113609,4.6230665569292199e+02,2.6649301458929857e+00
113684,4.6230665569292199e+02,2.6649301458929857e+00
113758,4.6230665569292199e+02,2.6649301458929857e+00
113832,4.6230665569292199e+02,2.6649301458929857e+00
113906,4.6230665569292199e+02,2.6649301458929857e+00
113980,4.6230665569292199e+02,2.6649301458929857e+00
114054,4.6230665569292199e+02,2.6649301458929857e+00
114128,4.6230665569292199e+02,2.6649301458929857e+00
114202,4.6230665569292199e+02,2.6649301458929857e+00
114276,4.6230665569292199e+02,2.6649301458929857e+00
114350,4.6230665569292199e+02,2.6649301458929857e+00
114424,4.6230665569292199e+02,2.6649301458929857e+00
114498,4.6230665569292199e+02,2.6649301458929857e+00
114572,4.6230665569292199e+02,2.6649301458929857e+00
114646,4.6230665569292199e+02,2.6649301458929857e+00
114720,4.6230665569292199e+02,2.6649301458929857e+00
114794,4.6230665569292199e+02,2.6649301458929857e+00
114868,4.6230665569292199e+02,2.6649301458929857e+00
114942,4.6230665569292199e+02,2.6649301458929857e+00
115016,4.6230665569292199e+02,2.6649301458929857e+00
115090,4.6230665569292199e+02,2.6649301458929857e+00
115164,4.6230665569292199e+02,2.6649301458929857e+00
115237,4.6230665569292199e+02,2.6649301458929857e+00
115310,4.6230665569292199e+02,2.6649301458929857e+00
115383,4.6230665569292199e+02,2.6649301458929857e+00
115456,4.6230665569292199e+02,2.6649301458929857e+00
115529,4.6230665569292199e+02,2.6649301458929857e+00
115602,4.6230665569292199e+02,2.6649301458929857e+00
115675,4.6230665569292199e+02,2.6649301458929857e+00
115748,4.6230665569292199e+02,2.6649301458929857e+00
115821,4.6230665569292199e+02,2.6649301458929857e+00
115894,4.6230665569292199e+02,2.6649301458929857e+00
115967,4.6230665569292199e+02,2.6649301458929857e+00
116040,4.6230665569292199e+02,2.6649301458929857e+00
116113,4.6230665569292199e+02,2.6649301458929857e+00
116186,4.6230665569292199e+02,2.6649301458929857e+00
116259,4.6230665569292199e+02,2.6649301458929857e+00
116332,4.6230665569292199e+02,2.6649301458929857e+00
116405,4.6230665569292199e+02,2.6649301458929857e+00
116478,4.6230665569292199e+02,2.6649301458929857e+00
116551,4.6230665569292199e+02,2.6649301458929857e+00
116624,4.6230665569292199e+02,2.6649301458929857e+00
116697,4.6230665569292199e+02,2.6649301458929857e+00
116769,4.6230665569292199e+02,2.6649301458929857e+00
116841,4.6230665569292199e+02,2.6649301458929857e+00
116913,4.6230665569292199e+02,2.6649301458929857e+00
116985,4.6230665569292199e+02,2.6649301458929857e+00
117057,4.6230665569292199e+02,2.6649301458929857e+00
117129,4.6230665569292199e+02,2.6649301458929857e+00
117201,4.6230665569292199e+02,2.6649301458929857e+00
117273,4.6230665569292199e+02,2.6649301458929857e+00
117345,4.6230665569292199e+02,2.6649301458929857e+00
117417,4.6230665569292199e+02,2.6649301458929857e+00
117489,4.6230665569292199e+02,2.6649301458929857e+00
117561,4.6230665569292199e+02,2.6649301458929857e+00
117633,4.6230665569292199e+02,2.6649301458929857e+00
117705,4.6230665569292199e+02,2.6649301458929857e+00
117777,4.6230665569292199e+02,2.6649301458929857e+00
117849,4.6230665569292199e+02,2.6649301458929857e+00
117921,4.6230665569292199e+02,2.6649301458929857e+00
117993,4.6230665569292199e+02,2.6649301458929857e+00
118065,4.6230665569292199e+02,2.6649301458929857e+00
118137,4.6230665569292199e+02,2.6649301458929857e+00
118209,4.6230665569292199e+02,2.6649301458929857e+00
118281,4.6230665569292199e+02,2.6649301458929857e+00
118352,4.6230665569292199e+02,2.6649301458929857e+00
118423,4.6230665569292199e+02,2.6649301458929857e+00
118494,4.6230665569292199e+02,2.6649301458929857e+00
118565,4.6230665569292199e+02,2.6649301458929857e+00
118636,4.6230665569292199e+02,2.6649301458929857e+00
118707,4.6230665569292199e+02,2.6649301458929857e+00
118778,4.6230665569292199e+02,2.6649301458929857e+00
118849,4.6230665569292199e+02,2.6649301458929857e+00
118920,4.6230665569292199e+02,2.6649301458929857e+00
118991,4.6230665569292199e+02,2.6649301458929857e+00
119062,4.6230665569292199e+02,2.6649301458929857e+00
119133,4.6230665569292199e+02,2.6649301458929857e+00
119204,4.6230665569292199e+02,2.6649301458929857e+00
119275,4.6230665569292199e+02,2.6649301458929857e+00
119346,4.6230665569292199e+02,2.6649301458929857e+00
119417,4.6230665569292199e+02,2.6649301458929857e+00
119488,4.6230665569292199e+02,2.6649301458929857e+00
119559,4.6230665569292199e+02,2.6649301458929857e+00
119630,4.6230665569292199e+02,2.6649301458929857e+00
119701,4.6230665569292199e+02,2.6649301458929857e+00
119772,4.6230665569292199e+02,2.6649301458929857e+00
119843,4.6230665569292199e+02,2.6649301458929857e+00
119913,4.6230665569292199e+02,2.6649301458929857e+00
119983,4.6230665569292199e+02,2.6649301458929857e+00
120053,4.6230665569292199e+02,2.6649301458929857e+00
120123,4.6230665569292199e+02,2.6649301458929857e+00
120193,4.6230665569292199e+02,2.6649301458929857e+00
120263,4.6230665569292199e+02,2.6649301458929857e+00
120333,4.6230665569292199e+02,2.6649301458929857e+00
120403,4.6230665569292199e+02,2.6649301458929857e+00
120473,4.6230665569292199e+02,2.6649301458929857e+00
120543,4.6230665569292199e+02,2.6649301458929857e+00
120613,4.6230665569292199e+02,2.6649301458929857e+00
120683,4.6230665569292199e+02,2.6649301458929857e+00
120753,4.6230665569292199e+02,2.6649301458929857e+00
120823,4.6230665569292199e+02,2.6649301458929857e+00
120893,4.6230665569292199e+02,2.6649301458929857e+00
120963,4.6230665569292199e+02,2.6649301458929857e+00
121033,4.6230665569292199e+02,2.6649301458929857e+00
121103,4.6230665569292199e+02,2.6649301458929857e+00
121173,4.6230665569292199e+02,2.6649301458929857e+00
121243,4.6230665569292199e+02,2.6649301458929857e+00
121313,4.6230665569292199e+02,2.6649301458929857e+00
121383,4.6230665569292199e+02,2.6649301458929857e+00
121452,4.6230665569292199e+02,2.6649301458929857e+00
121521,4.6230665569292199e+02,2.6649301458929857e+00
121590,4.6230665569292199e+02,2.6649301458929857e+00
121659,4.6230665569292199e+02,2.6649301458929857e+00
121728,4.6230665569292199e+02,2.6649301458929857e+00
121797,4.6230665569292199e+02,2.6649301458929857e+00
121866,4.6230665569292199e+02,2.6649301458929857e+00
121935,4.6230665569292199e+02,2.6649301458929857e+00
122004,4.6230665569292199e+02,2.6649301458929857e+00
122073,4.6230665569292199e+02,2.6649301458929857e+00
122142,4.6230665569292199e+02,2.6649301458929857e+00
122211,4.6230665569292199e+02,2.6649301458929857e+00
122280,4.6230665569292199e+02,2.6649301458929857e+00
122349,4.6230665569292199e+02,2.6649301458929857e+00
122418,4.6230665569292199e+02,2.6649301458929857e+00
122487,4.6230665569292199e+02,2.6649301458929857e+00
122556,4.6230665569292199e+02,2.6649301458929857e+00
122625,4.6230665569292199e+02,2.6649301458929857e+00
122694,4.6230665569292199e+02,2.6649301458929857e+00
122763,4.6230665569292199e+02,2.6649301458929857e+00
122832,4.6230665569292199e+02,2.6649301458929857e+00
122901,4.6230665569292199e+02,2.6649301458929857e+00
122970,4.6230665569292199e+02,2.6649301458929857e+00
123038,4.6230665569292199e+02,2.6649301458929857e+00
123106,4.6230665569292199e+02,2.6649301458929857e+00
123174,4.6230665569292199e+02,2.6649301458929857e+00
123242,4.6230665569292199e+02,2.6649301458929857e+00
123310,4.6230665569292199e+02,2.6649301458929857e+00
123378,4.6230665569292199e+02,2.6649301458929857e+00
123446,4.6230665569292199e+02,2.6649301458929857e+00
123514,4.6230665569292199e+02,2.6649301458929857e+00
123582,4.6230665569292199e+02,2.6649301458929857e+00
123650,4.6230665569292199e+02,2.6649301458929857e+00
123718,4.6230665569292199e+02,2.6649301458929857e+00
123786,4.6230665569292199e+02,2.6649301458929857e+00
123854,4.6230665569292199e+02,2.6649301458929857e+00
123922,4.6230665569292199e+02,2.6649301458929857e+00
123990,4.6230665569292199e+02,2.6649301458929857e+00
124058,4.6230665569292199e+02,2.6649301458929857e+00
124126,4.6230665569292199e+02,2.6649301458929857e+00
124194,4.6230665569292199e+02,2.6649301458929857e+00
124262,4.6230665569292199e+02,2.6649301458929857e+00
124330,4.6230665569292199e+02,2.6649301458929857e+00
124398,4.6230665569292199e+02,2.6649301458929857e+00
124466,4.6230665569292199e+02,2.6649301458929857e+00
124534,4.6230665569292199e+02,2.6649301458929857e+00
124601,4.6230665569292199e+02,2.6649301458929857e+00
124668,4.6230665569292199e+02,2.6649301458929857e+00
124735,4.6230665569292199e+02,2.6649301458929857e+00
124802,4.6230665569292199e+02,2.6649301458929857e+00
124869,4.6230665569292199e+02,2.6649301458929857e+00
124936,4.6230665569292199e+02,2.6649301458929857e+00
125003,4.6230665569292199e+02,2.6649301458929857e+00
125070,4.6230665569292199e+02,2.6649301458929857e+00
125137,4.6230665569292199e+02,2.6649301458929857e+00
125204,4.6230665569292199e+02,2.6649301458929857e+00
125271,4.6230665569292199e+02,2.6649301458929857e+00
125338,4.6230665569292199e+02,2.6649301458929857e+00
125405,4.6230665569292199e+02,2.6649301458929857e+00
125472,4.6230665569292199e+02,2.6649301458929857e+00
125539,4.6230665569292199e+02,2.6649301458929857e+00
125606,4.6230665569292199e+02,2.6649301458929857e+00
125673,4.6230665569292199e+02,2.6649301458929857e+00
125740,4.6230665569292199e+02,2.6649301458929857e+00
125807,4.6230665569292199e+02,2.6649301458929857e+00
125874,4.6230665569292199e+02,2.6649301458929857e+00
125941,4.6230665569292199e+02,2.6649301458929857e+00
126008,4.6230665569292199e+02,2.6649301458929857e+00
126075,4.6230665569292199e+02,2.6649301458929857e+00
126142,4.6230665569292199e+02,2.6649301458929857e+00
126208,4.6230665569292199e+02,2.6649301458929857e+00
126274,4.6230665569292199e+02,2.6649301458929857e+00
126340,4.6230665569292199e+02,2.6649301458929857e+00
126406,4.6230665569292199e+02,2.6649301458929857e+00
126472,4.6230665569292199e+02,2.6649301458929857e+00
126538,4.6230665569292199e+02,2.6649301458929857e+00
126604,4.6230665569292199e+02,2.6649301458929857e+00
126670,4.6230665569292199e+02,2.6649301458929857e+00
126736,4.6230665569292199e+02,2.6649301458929857e+00
126802,4.6230665569292199e+02,2.6649301458929857e+00
126868,4.6230665569292199e+02,2.6649301458929857e+00
126934,4.6230665569292199e+02,2.6649301458929857e+00
127000,4.6230665569292199e+02,2.6649301458929857e+00
127066,4.6230665569292199e+02,2.6649301458929857e+00
127132,4.6230665569292199e+02,2.6649301458929857e+00
127198,4.6230665569292199e+02,2.6649301458929857e+00
127264,4.6230665569292199e+02,2.6649301458929857e+00
127330,4.6230665569292199e+02,2.6649301458929857e+00
127396,4.6230665569292199e+02,2.6649301458929857e+00
127462,4.6230665569292199e+02,2.6649301458929857e+00
127528,4.6230665569292199e+02,2.6649301458929857e+00
127594,4.6230665569292199e+02,2.6649301458929857e+00
127660,4.6230665569292199e+02,2.6649301458929857e+00
127726,4.6230665569292199e+02,2.6649301458929857e+00
127791,4.6230665569292199e+02,2.6649301458929857e+00
127856,4.6230665569292199e+02,2.6649301458929857e+00
127921,4.6230665569292199e+02,2.6649301458929857e+00
127986,4.6230665569292199e+02,2.6649301458929857e+00
128051,4.6230665569292199e+02,2.6649301458929857e+00
128116,4.6230665569292199e+02,2.6649301458929857e+00
128181,4.6230665569292199e+02,2.6649301458929857e+00
128246,4.6230665569292199e+02,2.6649301458929857e+00
128311,4.6230665569292199e+02,2.6649301458929857e+00
128376,4.6230665569292199e+02,2.6649301458929857e+00
128441,4.6230665569292199e+02,2.6649301458929857e+00
128506,4.6230665569292199e+02,2.6649301458929857e+00
128571,4.6230665569292199e+02,2.6649301458929857e+00
128636,4.6230665569292199e+02,2.6649301458929857e+00
128701,4.6230665569292199e+02,2.6649301458929857e+00
128766,4.6230665569292199e+02,2.6649301458929857e+00
128831,4.6230665569292199e+02,2.6649301458929857e+00
128896,4.6230665569292199e+02,2.6649301458929857e+00
128961,4.6230665569292199e+02,2.6649301458929857e+00
129026,4.6230665569292199e+02,2.6649301458929857e+00
129091,4.6230665569292199e+02,2.6649301458929857e+00
129156,4.6230665569292199e+02,2.6649301458929857e+00
129221,4.6230665569292199e+02,2.6649301458929857e+00
129286,4.6230665569292199e+02,2.6649301458929857e+00
129351,4.6230665569292199e+02,2.6649301458929857e+00
129415,4.6230665569292199e+02,2.6649301458929857e+00
129479,4.6230665569292199e+02,2.6649301458929857e+00
129543,4.6230665569292199e+02,2.6649301458929857e+00
129607,4.6230665569292199e+02,2.6649301458929857e+00
129671,4.6230665569292199e+02,2.6649301458929857e+00
129735,4.6230665569292199e+02,2.6649301458929857e+00
129799,4.6230665569292199e+02,2.6649301458929857e+00
129863,4.6230665569292199e+02,2.6649301458929857e+00
129927,4.6230665569292199e+02,2.6649301458929857e+00
129991,4.6230665569292199e+02,2.6649301458929857e+00
130055,4.6230665569292199e+02,2.6649301458929857e+00
130119,4.6230665569292199e+02,2.6649301458929857e+00
130183,4.6230665569292199e+02,2.6649301458929857e+00
130247,4.6230665569292199e+02,2.6649301458929857e+00
130311,4.6230665569292199e+02,2.6649301458929857e+00
130375,4.6230665569292199e+02,2.6649301458929857e+00
130439,4.6230665569292199e+02,2.6649301458929857e+00
130503,4.6230665569292199e+02,2.6649301458929857e+00
130567,4.6230665569292199e+02,2.6649301458929857e+00
130631,4.6230665569292199e+02,2.6649301458929857e+00
130695,4.6230665569292199e+02,2.6649301458929857e+00
130759,4.6230665569292199e+02,2.6649301458929857e+00
130823,4.6230665569292199e+02,2.6649301458929857e+00
130887,4.6230665569292199e+02,2.6649301458929857e+00
130951,4.6230665569292199e+02,2.6649301458929857e+00
131015,4.6230665569292199e+02,2.6649301458929857e+00
131078,4.6230665569292199e+02,2.6649301458929857e+00
131141,4.6230665569292199e+02,2.6649301458929857e+00
131204,4.6230665569292199e+02,2.6649301458929857e+00
131267,4.6230665569292199e+02,2.6649301458929857e+00
131330,4.6230665569292199e+02,2.6649301458929857e+00
131393,4.6230665569292199e+02,2.6649301458929857e+00
131456,4.6230665569292199e+02,2.6649301458929857e+00
131519,4.6230665569292199e+02,2.6649301458929857e+00
131582,4.6230665569292199e+02,2.6649301458929857e+00
131645,4.6230665569292199e+02,2.6649301458929857e+00
131708,4.6230665569292199e+02,2.6649301458929857e+00
131771,4.6230665569292199e+02,2.6649301458929857e+00
131834,4.6230665569292199e+02,2.6649301458929857e+00
131897,4.6230665569292199e+02,2.6649301458929857e+00
131960,4.6230665569292199e+02,2.6649301458929857e+00
132023,4.6230665569292199e+02,2.6649301458929857e+00
132086,4.6230665569292199e+02,2.6649301458929857e+00
132149,4.6230665569292199e+02,2.6649301458929857e+00
132212,4.6230665569292199e+02,2.6649301458929857e+00
132275,4.6230665569292199e+02,2.6649301458929857e+00
132338,4.6230665569292199e+02,2.6649301458929857e+00
132401,4.6230665569292199e+02,2.6649301458929857e+00
132464,4.6230665569292199e+02,2.6649301458929857e+00
132527,4.6230665569292199e+02,2.6649301458929857e+00
132590,4.6230665569292199e+02,2.6649301458929857e+00
132653,4.6230665569292199e+02,2.6649301458929857e+00
132715,4.6230665569292199e+02,2.6649301458929857e+00
132777,4.6230665569292199e+02,2.6649301458929857e+00
132839,4.6230665569292199e+02,2.6649301458929857e+00
132901,4.6230665569292199e+02,2.6649301458929857e+00
132963,4.6230665569292199e+02,2.6649301458929857e+00
133025,4.6230665569292199e+02,2.6649301458929857e+00
133087,4.6230665569292199e+02,2.6649301458929857e+00
133149,4.6230665569292199e+02,2.6649301458929857e+00
133211,4.6230665569292199e+02,2.6649301458929857e+00
133273,4.6230665569292199e+02,2.6649301458929857e+00
133335,4.6230665569292199e+02,2.6649301458929857e+00
133397,4.6230665569292199e+02,2.6649301458929857e+00
133459,4.6230665569292199e+02,2.6649301458929857e+00
133521,4.6230665569292199e+02,2.6649301458929857e+00
133583,4.6230665569292199e+02,2.6649301458929857e+00
133645,4.6230665569292199e+02,2.6649301458929857e+00
133707,4.6230665569292199e+02,2.6649301458929857e+00
133769,4.6230665569292199e+02,2.6649301458929857e+00
133831,4.6230665569292199e+02,2.6649301458929857e+00
133893,4.6230665569292199e+02,2.6649301458929857e+00
133955,4.6230665569292199e+02,2.6649301458929857e+00
134017,4.6230665569292199e+02,2.6649301458929857e+00
134079,4.6230665569292199e+02,2.6649301458929857e+00
134141,4.6230665569292199e+02,2.6649301458929857e+00
134203,4.6230665569292199e+02,2.6649301458929857e+00
134265,4.6230665569292199e+02,2.6649301458929857e+00
134326,4.6230665569292199e+02,2.6649301458929857e+00
134387,4.6230665569292199e+02,2.6649301458929857e+00
134448,4.6230665569292199e+02,2.6649301458929857e+00
134509,4.6230665569292199e+02,2.6649301458929857e+00
134570,4.6230665569292199e+02,2.6649301458929857e+00
134631,4.6230665569292199e+02,2.6649301458929857e+00
134692,4.6230665569292199e+02,2.6649301458929857e+00
134753,4.6230665569292199e+02,2.6649301458929857e+00
134814,4.6230665569292199e+02,2.6649301458929857e+00
134875,4.6230665569292199e+02,2.6649301458929857e+00
134936,4.6230665569292199e+02,2.6649301458929857e+00
134997,4.6230665569292199e+02,2.6649301458929857e+00
135058,4.6230665569292199e+02,2.6649301458929857e+00
135119,4.6230665569292199e+02,2.6649301458929857e+00
135180,4.6230665569292199e+02,2.6649301458929857e+00
135241,4.6230665569292199e+02,2.6649301458929857e+00
135302,4.6230665569292199e+02,2.6649301458929857e+00
135363,4.6230665569292199e+02,2.6649301458929857e+00
135424,4.6230665569292199e+02,2.6649301458929857e+00
135485,4.6230665569292199e+02,2.6649301458929857e+00
135546,4.6230665569292199e+02,2.6649301458929857e+00
135607,4.6230665569292199e+02,2.6649301458929857e+00
135668,4.6230665569292199e+02,2.6649301458929857e+00
135729,4.6230665569292199e+02,2.6649301458929857e+00
135790,4.6230665569292199e+02,2.6649301458929857e+00
135851,4.6230665569292199e+02,2.6649301458929857e+00
135912,4.6230665569292199e+02,2.6649301458929857e+00
135973,4.6230665569292199e+02,2.6649301458929857e+00
136033,4.6230665569292199e+02,2.6649301458929857e+00
136093,4.6230665569292199e+02,2.6649301458929857e+00
136153,4.6230665569292199e+02,2.6649301458929857e+00
136213,4.6230665569292199e+02,2.6649301458929857e+00
136273,4.6230665569292199e+02,2.6649301458929857e+00
136333,4.6230665569292199e+02,2.6649301458929857e+00
136393,4.6230665569292199e+02,2.6649301458929857e+00
136453,4.6230665569292199e+02,2.6649301458929857e+00
136513,4.6230665569292199e+02,2.6649301458929857e+00
136573,4.6230665569292199e+02,2.6649301458929857e+00
136633,4.6230665569292199e+02,2.6649301458929857e+00
136693,4.6230665569292199e+02,2.6649301458929857e+00
136753,4.6230665569292199e+02,2.6649301458929857e+00
136813,4.6230665569292199e+02,2.6649301458929857e+00
136873,4.6230665569292199e+02,2.6649301458929857e+00
136933,4.6230665569292199e+02,2.6649301458929857e+00
136993,4.6230665569292199e+02,2.6649301458929857e+00
137053,4.6230665569292199e+02,2.6649301458929857e+00
137113,4.6230665569292199e+02,2.6649301458929857e+00
137173,4.6230665569292199e+02,2.6649301458929857e+00
137233,4.6230665569292199e+02,2.6649301458929857e+00
137293,4.6230665569292199e+02,2.6649301458929857e+00
137353,4.6230665569292199e+02,2.6649301458929857e+00
137413,4.6230665569292199e+02,2.6649301458929857e+00
137473,4.6230665569292199e+02,2.6649301458929857e+00
137533,4.6230665569292199e+02,2.6649301458929857e+00
137593,4.6230665569292199e+02,2.6649301458929857e+00
137653,4.6230665569292199e+02,2.6649301458929857e+00
137712,4.6230665569292199e+02,2.6649301458929857e+00
137771,4.6230665569292199e+02,2.6649301458929857e+00
137830,4.6230665569292199e+02,2.6649301458929857e+00
137889,4.6230665569292199e+02,2.6649301458929857e+00
137948,4.6230665569292199e+02,2.6649301458929857e+00
138007,4.6230665569292199e+02,2.6649301458929857e+00
138066,4.6230665569292199e+02,2.6649301458929857e+00
138125,4.6230665569292199e+02,2.6649301458929857e+00
138184,4.6230665569292199e+02,2.6649301458929857e+00
138243,4.6230665569292199e+02,2.6649301458929857e+00
138302,4.6230665569292199e+02,2.6649301458929857e+00
138361,4.6230665569292199e+02,2.6649301458929857e+00
138420,4.6230665569292199e+02,2.6649301458929857e+00
138479,4.6230665569292199e+02,2.6649301458929857e+00
138538,4.6230665569292199e+02,2.6649301458929857e+00
138597,4.6230665569292199e+02,2.6649301458929857e+00
138656,4.6230665569292199e+02,2.6649301458929857e+00
138715,4.6230665569292199e+02,2.6649301458929857e+00
138774,4.6230665569292199e+02,2.6649301458929857e+00
138833,4.6230665569292199e+02,2.6649301458929857e+00
138892,4.6230665569292199e+02,2.6649301458929857e+00
138951,4.6230665569292199e+02,2.6649301458929857e+00
139010,4.6230665569292199e+02,2.6649301458929857e+00
139069,4.6230665569292199e+02,2.6649301458929857e+00
139128,4.6230665569292199e+02,2.6649301458929857e+00
139187,4.6230665569292199e+02,2.6649301458929857e+00
139246,4.6230665569292199e+02,2.6649301458929857e+00
139305,4.6230665569292199e+02,2.6649301458929857e+00
139363,4.6230665569292199e+02,2.6649301458929857e+00
139421,4.6230665569292199e+02,2.6649301458929857e+00
139479,4.6230665569292199e+02,2.6649301458929857e+00
139537,4.6230665569292199e+02,2.6649301458929857e+00
139595,4.6230665569292199e+02,2.6649301458929857e+00
139653,4.6230665569292199e+02,2.6649301458929857e+00
139711,4.6230665569292199e+02,2.6649301458929857e+00
139769,4.6230665569292199e+02,2.6649301458929857e+00
139827,4.6230665569292199e+02,2.6649301458929857e+00
139885,4.6230665569292199e+02,2.6649301458929857e+00
139943,4.6230665569292199e+02,2.6649301458929857e+00
140001,4.6230665569292199e+02,2.6649301458929857e+00
140059,4.6230665569292199e+02,2.6649301458929857e+00
140117,4.6230665569292199e+02,2.6649301458929857e+00
140175,4.6230665569292199e+02,2.6649301458929857e+00
140233,4.6230665569292199e+02,2.6649301458929857e+00
140291,4.6230665569292199e+02,2.6649301458929857e+00
140349,4.6230665569292199e+02,2.6649301458929857e+00
140407,4.6230665569292199e+02,2.6649301458929857e+00
140465,4.6230665569292199e+02,2.6649301458929857e+00
140523,4.6230665569292199e+02,2.6649301458929857e+00
140581,4.6230665569292199e+02,2.6649301458929857e+00
140639,4.6230665569292199e+02,2.6649301458929857e+00
140697,4.6230665569292199e+02,2.6649301458929857e+00
140755,4.6230665569292199e+02,2.6649301458929857e+00
140813,4.6230665569292199e+02,2.6649301458929857e+00
140871,4.6230665569292199e+02,2.6649301458929857e+00
140929,4.6230665569292199e+02,2.6649301458929857e+00
140987,4.6230665569292199e+02,2.6649301458929857e+00
141045,4.6230665569292199e+02,2.6649301458929857e+00
141102,4.6230665569292199e+02,2.6649301458929857e+00
141159,4.6230665569292199e+02,2.6649301458929857e+00
141216,4.6230665569292199e+02,2.6649301458929857e+00
141273,4.6230665569292199e+02,2.6649301458929857e+00
141330,4.6230665569292199e+02,2.6649301458929857e+00
141387,4.6230665569292199e+02,2.6649301458929857e+00
141444,4.6230665569292199e+02,2.6649301458929857e+00
141501,4.6230665569292199e+02,2.6649301458929857e+00
141558,4.6230665569292199e+02,2.6649301458929857e+00
141615,4.6230665569292199e+02,2.6649301458929857e+00
141672,4.5526886245856031e+02,2.6582679482988416e+00
141729,4.5526886245856031e+02,2.6582679482988416e+00
141786,4.5526886245856031e+02,2.6582679482988416e+00
141843,4.5526886245856031e+02,2.6582679482988416e+00
141900,4.5526886245856031e+02,2.6582679482988416e+00
141957,4.5526886245856031e+02,2.6582679482988416e+00
142014,4.5526886245856031e+02,2.6582679482988416e+00
142071,4.5526886245856031e+02,2.6582679482988416e+00
142128,4.5526886245856031e+02,2.6582679482988416e+00
142185,4.5526886245856031e+02,2.6582679482988416e+00
142242,4.5526886245856031e+02,2.6582679482988416e+00
142299,4.5526886245856031e+02,2.6582679482988416e+00
142356,4.5526886245856031e+02,2.6582679482988416e+00
142413,4.5526886245856031e+02,2.6582679482988416e+00
142470,4.5526886245856031e+02,2.6582679482988416e+00
142527,4.5526886245856031e+02,2.6582679482988416e+00
142584,4.5526886245856031e+02,2.6582679482988416e+00
142641,4.5526886245856031e+02,2.6582679482988416e+00
142698,4.5526886245856031e+02,2.6582679482988416e+00
142755,4.5526886245856031e+02,2.6582679482988416e+00
142811,4.5526886245856031e+02,2.6582679482988416e+00
142867,4.5526886245856031e+02,2.6582679482988416e+00
142923,4.5526886245856031e+02,2.6582679482988416e+00
142979,4.5526886245856031e+02,2.6582679482988416e+00
143035,4.5526886245856031e+02,2.6582679482988416e+00
143091,4.4393681679895201e+02,2.6473211636547651e+00
143147,4.4393681679895201e+02,2.6473211636547651e+00
143203,4.4393681679895201e+02,2.6473211636547651e+00
143259,4.4393681679895201e+02,2.6473211636547651e+00
143315,4.4393681679895201e+02,2.6473211636547651e+00
143371,4.4393681679895201e+02,2.6473211636547651e+00
143427,4.4393681679895201e+02,2.6473211636547651e+00
143483,4.4393681679895201e+02,2.6473211636547651e+00
143539,4.4393681679895201e+02,2.6473211636547651e+00
143595,4.4393681679895201e+02,2.6473211636547651e+00
143651,4.4393681679895201e+02,2.6473211636547651e+00
143707,4.4393681679895201e+02,2.6473211636547651e+00
143763,4.4393681679895201e+02,2.6473211636547651e+00
143819,4.4393681679895201e+02,2.6473211636547651e+00
143875,4.4393681679895201e+02,2.6473211636547651e+00
143931,4.4393681679895201e+02,2.6473211636547651e+00
143987,4.4393681679895201e+02,2.6473211636547651e+00
144043,4.4393681679895201e+02,2.6473211636547651e+00
144099,4.4393681679895201e+02,2.6473211636547651e+00
144155,4.4393681679895201e+02,2.6473211636547651e+00
144211,4.4393681679895201e+02,2.6473211636547651e+00
144267,4.4393681679895201e+02,2.6473211636547651e+00
144323,4.4393681679895201e+02,2.6473211636547651e+00
144379,4.4393681679895201e+02,2.6473211636547651e+00
144435,4.4393681679895201e+02,2.6473211636547651e+00
144491,4.4393681679895201e+02,2.6473211636547651e+00
144547,4.4393681679895201e+02,2.6473211636547651e+00
144602,4.4393681679895201e+02,2.6473211636547651e+00
144657,4.4393681679895201e+02,2.6473211636547651e+00
144712,4.4393681679895201e+02,2.6473211636547651e+00
144767,4.4393681679895201e+02,2.6473211636547651e+00
144822,4.4393681679895201e+02,2.6473211636547651e+00
144877,4.4393681679895201e+02,2.6473211636547651e+00
144932,4.4393681679895201e+02,2.6473211636547651e+00
144987,4.4393681679895201e+02,2.6473211636547651e+00
145042,4.4393681679895201e+02,2.6473211636547651e+00
145097,4.4393681679895201e+02,2.6473211636547651e+00
145152,4.4393681679895201e+02,2.6473211636547651e+00
145207,4.4393681679895201e+02,2.6473211636547651e+00
145262,4.4393681679895201e+02,2.6473211636547651e+00
145317,4.4393681679895201e+02,2.6473211636547651e+00
145372,4.4393681679895201e+02,2.6473211636547651e+00
145427,4.4393681679895201e+02,2.6473211636547651e+00
145482,4.4393681679895201e+02,2.6473211636547651e+00
145537,4.4393681679895201e+02,2.6473211636547651e+00
145592,4.4393681679895201e+02,2.6473211636547651e+00
145647,4.4393681679895201e+02,2.6473211636547651e+00
145702,4.4393681679895201e+02,2.6473211636547651e+00
145757,4.4393681679895201e+02,2.6473211636547651e+00
145812,4.4393681679895201e+02,2.6473211636547651e+00
145867,4.4393681679895201e+02,2.6473211636547651e+00
145922,4.4393681679895201e+02,2.6473211636547651e+00
145977,4.4393681679895201e+02,2.6473211636547651e+00
146032,4.4393681679895201e+02,2.6473211636547651e+00
146087,4.4393681679895201e+02,2.6473211636547651e+00
146142,4.4393681679895201e+02,2.6473211636547651e+00
146197,4.4393681679895201e+02,2.6473211636547651e+00
146252,4.4393681679895201e+02,2.6473211636547651e+00
146307,4.4393681679895201e+02,2.6473211636547651e+00
146361,4.4393681679895201e+02,2.6473211636547651e+00
146415,4.4393681679895201e+02,2.6473211636547651e+00
146469,4.4393681679895201e+02,2.6473211636547651e+00
146523,4.4393681679895201e+02,2.6473211636547651e+00
146577,4.4393681679895201e+02,2.6473211636547651e+00
146631,4.4393681679895201e+02,2.6473211636547651e+00
146685,4.4393681679895201e+02,2.6473211636547651e+00
146739,4.4393681679895201e+02,2.6473211636547651e+00
146793,4.4393681679895201e+02,2.6473211636547651e+00
146847,4.4393681679895201e+02,2.6473211636547651e+00
146901,4.4393681679895201e+02,2.6473211636547651e+00
146955,4.4393681679895201e+02,2.6473211636547651e+00
147009,4.4393681679895201e+02,2.6473211636547651e+00
147063,4.4393681679895201e+02,2.6473211636547651e+00
147117,4.4393681679895201e+02,2.6473211636547651e+00
147171,4.4393681679895201e+02,2.6473211636547651e+00
147225,4.4393681679895201e+02,2.6473211636547651e+00
147279,4.4393681679895201e+02,2.6473211636547651e+00
147333,4.4393681679895201e+02,2.6473211636547651e+00
147387,4.4393681679895201e+02,2.6473211636547651e+00
147441,4.4393681679895201e+02,2.6473211636547651e+00
147495,4.4393681679895201e+02,2.6473211636547651e+00
147549,4.4393681679895201e+02,2.6473211636547651e+00
147603,4.4393681679895201e+02,2.6473211636547651e+00
147657,4.4393681679895201e+02,2.6473211636547651e+00
147711,4.4393681679895201e+02,2.6473211636547651e+00
147765,4.4393681679895201e+02,2.6473211636547651e+00
147819,4.4393681679895201e+02,2.6473211636547651e+00
147873,4.4393681679895201e+02,2.6473211636547651e+00
147927,4.4393681679895201e+02,2.6473211636547651e+00
147981,4.4393681679895201e+02,2.6473211636547651e+00
148035,4.4393681679895201e+02,2.6473211636547651e+00
148089,4.4393681679895201e+02,2.6473211636547651e+00
148142,4.4393681679895201e+02,2.6473211636547651e+00
148195,4.4393681679895201e+02,2.6473211636547651e+00
148248,4.4393681679895201e+02,2.6473211636547651e+00
148301,4.4393681679895201e+02,2.6473211636547651e+00
148354,4.4393681679895201e+02,2.6473211636547651e+00
148407,4.4393681679895201e+02,2.6473211636547651e+00
148460,4.4393681679895201e+02,2.6473211636547651e+00
148513,4.4393681679895201e+02,2.6473211636547651e+00
148566,4.4393681679895201e+02,2.6473211636547651e+00
148619,4.4393681679895201e+02,2.6473211636547651e+00
148672,4.4393681679895201e+02,2.6473211636547651e+00
148725,4.4393681679895201e+02,2.6473211636547651e+00
148778,4.4393681679895201e+02,2.6473211636547651e+00
148831,4.4393681679895201e+02,2.6473211636547651e+00
148884,4.4393681679895201e+02,2.6473211636547651e+00
148937,4.4393681679895201e+02,2.6473211636547651e+00
148990,4.4393681679895201e+02,2.6473211636547651e+00
149043,4.4393681679895201e+02,2.6473211636547651e+00
149096,4.4393681679895201e+02,2.6473211636547651e+00
149149,4.4393681679895201e+02,2.6473211636547651e+00
149202,4.4393681679895201e+02,2.6473211636547651e+00
149255,4.4393681679895201e+02,2.6473211636547651e+00
149308,4.4393681679895201e+02,2.6473211636547651e+00
149361,4.4393681679895201e+02,2.6473211636547651e+00
149414,4.4393681679895201e+02,2.6473211636547651e+00
149467,4.4393681679895201e+02,2.6473211636547651e+00
149520,4.4393681679895201e+02,2.6473211636547651e+00
149573,4.4393681679895201e+02,2.6473211636547651e+00
149626,4.4393681679895201e+02,2.6473211636547651e+00
149679,4.4393681679895201e+02,2.6473211636547651e+00
149732,4.4393681679895201e+02,2.6473211636547651e+00
149785,4.4393681679895201e+02,2.6473211636547651e+00
149838,4.4393681679895201e+02,2.6473211636547651e+00
149891,4.4393681679895201e+02,2.6473211636547651e+00
149943,4.4393681679895201e+02,2.6473211636547651e+00
149995,4.4393681679895201e+02,2.6473211636547651e+00
150047,4.4393681679895201e+02,2.6473211636547651e+00
150099,4.4393681679895201e+02,2.6473211636547651e+00
150151,4.4393681679895201e+02,2.6473211636547651e+00
150203,4.4393681679895201e+02,2.6473211636547651e+00
150255,4.4393681679895201e+02,2.6473211636547651e+00
150307,4.4393681679895201e+02,2.6473211636547651e+00
150359,4.4393681679895201e+02,2.6473211636547651e+00
150411,4.4393681679895201e+02,2.6473211636547651e+00
150463,4.4393681679895201e+02,2.6473211636547651e+00
150515,4.4393681679895201e+02,2.6473211636547651e+00
150567,4.4393681679895201e+02,2.6473211636547651e+00
150619,4.4393681679895201e+02,2.6473211636547651e+00
150671,4.4393681679895201e+02,2.6473211636547651e+00
150723,4.4393681679895201e+02,2.6473211636547651e+00
150775,4.4393681679895201e+02,2.6473211636547651e+00
150827,4.4393681679895201e+02,2.6473211636547651e+00
150879,4.4393681679895201e+02,2.6473211636547651e+00
150931,4.4393681679895201e+02,2.6473211636547651e+00
150983,4.4393681679895201e+02,2.6473211636547651e+00
151035,4.4393681679895201e+02,2.6473211636547651e+00
151087,4.4393681679895201e+02,2.6473211636547651e+00
151139,4.4393681679895201e+02,2.6473211636547651e+00
151191,4.4393681679895201e+02,2.6473211636547651e+00
151243,4.4393681679895201e+02,2.6473211636547651e+00
151295,4.4393681679895201e+02,2.6473211636547651e+00
151347,4.4393681679895201e+02,2.6473211636547651e+00
151399,4.4393681679895201e+02,2.6473211636547651e+00
151451,4.4393681679895201e+02,2.6473211636547651e+00
151503,4.4393681679895201e+02,2.6473211636547651e+00
151555,4.4393681679895201e+02,2.6473211636547651e+00
151607,4.4393681679895201e+02,2.6473211636547651e+00
151659,4.4393681679895201e+02,2.6473211636547651e+00
151711,4.4393681679895201e+02,2.6473211636547651e+00
151762,4.4393681679895201e+02,2.6473211636547651e+00
151813,4.4393681679895201e+02,2.6473211636547651e+00
151864,4.4393681679895201e+02,2.6473211636547651e+00
151915,4.4393681679895201e+02,2.6473211636547651e+00
151966,4.4393681679895201e+02,2.6473211636547651e+00
152017,4.4393681679895201e+02,2.6473211636547651e+00
152068,4.4393681679895201e+02,2.6473211636547651e+00
152119,4.4393681679895201e+02,2.6473211636547651e+00
152170,4.4393681679895201e+02,2.6473211636547651e+00
152221,4.4393681679895201e+02,2.6473211636547651e+00
152272,4.4393681679895201e+02,2.6473211636547651e+00
152323,4.4393681679895201e+02,2.6473211636547651e+00
152374,4.4393681679895201e+02,2.6473211636547651e+00
152425,4.4393681679895201e+02,2.6473211636547651e+00
152476,4.4393681679895201e+02,2.6473211636547651e+00
152527,4.4393681679895201e+02,2.6473211636547651e+00
152578,4.4393681679895201e+02,2.6473211636547651e+00
152629,4.4393681679895201e+02,2.6473211636547651e+00
152680,4.4393681679895201e+02,2.6473211636547651e+00
152731,4.4393681679895201e+02,2.6473211636547651e+00
152782,4.4393681679895201e+02,2.6473211636547651e+00
152833,4.4393681679895201e+02,2.6473211636547651e+00
152884,4.4393681679895201e+02,2.6473211636547651e+00
152935,4.4393681679895201e+02,2.6473211636547651e+00
152986,4.4393681679895201e+02,2.6473211636547651e+00
153037,4.4393681679895201e+02,2.6473211636547651e+00
153088,4.4393681679895201e+02,2.6473211636547651e+00
153139,4.4393681679895201e+02,2.6473211636547651e+00
153190,4.4393681679895201e+02,2.6473211636547651e+00
153241,4.4393681679895201e+02,2.6473211636547651e+00
153292,4.4393681679895201e+02,2.6473211636547651e+00
153343,4.4393681679895201e+02,2.6473211636547651e+00
153394,4.4393681679895201e+02,2.6473211636547651e+00
153445,4.4393681679895201e+02,2.6473211636547651e+00
153496,4.4393681679895201e+02,2.6473211636547651e+00
153547,4.4393681679895201e+02,2.6473211636547651e+00
153597,4.4393681679895201e+02,2.6473211636547651e+00
153647,4.4393681679895201e+02,2.6473211636547651e+00
153697,4.4393681679895201e+02,2.6473211636547651e+00
153747,4.4393681679895201e+02,2.6473211636547651e+00
153797,4.4393681679895201e+02,2.6473211636547651e+00
153847,4.4393681679895201e+02,2.6473211636547651e+00
153897,4.4393681679895201e+02,2.6473211636547651e+00
153947,4.4393681679895201e+02,2.6473211636547651e+00
153997,4.4393681679895201e+02,2.6473211636547651e+00
154047,4.4393681679895201e+02,2.6473211636547651e+00
154097,4.4393681679895201e+02,2.6473211636547651e+00
154147,4.4393681679895201e+02,2.6473211636547651e+00
154197,4.4393681679895201e+02,2.6473211636547651e+00
154247,4.4393681679895201e+02,2.6473211636547651e+00
154297,4.4393681679895201e+02,2.6473211636547651e+00
154347,4.4393681679895201e+02,2.6473211636547651e+00
154397,4.4393681679895201e+02,2.6473211636547651e+00
154447,4.4393681679895201e+02,2.6473211636547651e+00
154497,4.4393681679895201e+02,2.6473211636547651e+00
154547,4.4393681679895201e+02,2.6473211636547651e+00
154597,4.4393681679895201e+02,2.6473211636547651e+00
154647,4.4393681679895201e+02,2.6473211636547651e+00
154697,4.4393681679895201e+02,2.6473211636547651e+00
154747,4.4393681679895201e+02,2.6473211636547651e+00
154797,4.4393681679895201e+02,2.6473211636547651e+00
154847,4.4393681679895201e+02,2.6473211636547651e+00
154897,4.4393681679895201e+02,2.6473211636547651e+00
154947,4.4393681679895201e+02,2.6473211636547651e+00
154997,4.4393681679895201e+02,2.6473211636547651e+00
155047,4.4393681679895201e+02,2.6473211636547651e+00
155097,4.4393681679895201e+02,2.6473211636547651e+00
155147,4.4393681679895201e+02,2.6473211636547651e+00
155197,4.4393681679895201e+02,2.6473211636547651e+00
155247,4.4393681679895201e+02,2.6473211636547651e+00
155297,4.4393681679895201e+02,2.6473211636547651e+00
155347,4.4393681679895201e+02,2.6473211636547651e+00
155397,4.4393681679895201e+02,2.6473211636547651e+00
155446,4.4393681679895201e+02,2.6473211636547651e+00
155495,4.4393681679895201e+02,2.6473211636547651e+00
155544,4.4393681679895201e+02,2.6473211636547651e+00
155593,4.4393681679895201e+02,2.6473211636547651e+00
155642,4.4393681679895201e+02,2.6473211636547651e+00
155691,4.4393681679895201e+02,2.6473211636547651e+00
155740,4.4393681679895201e+02,2.6473211636547651e+00
155789,4.4393681679895201e+02,2.6473211636547651e+00
155838,4.4393681679895201e+02,2.6473211636547651e+00
155887,4.4393681679895201e+02,2.6473211636547651e+00
155936,4.4393681679895201e+02,2.6473211636547651e+00
155985,4.4393681679895201e+02,2.6473211636547651e+00
156034,4.4393681679895201e+02,2.6473211636547651e+00
156083,4.4393681679895201e+02,2.6473211636547651e+00
156132,4.4393681679895201e+02,2.6473211636547651e+00
156181,4.4393681679895201e+02,2.6473211636547651e+00
156230,4.4393681679895201e+02,2.6473211636547651e+00
156279,4.4393681679895201e+02,2.6473211636547651e+00
156328,4.4393681679895201e+02,2.6473211636547651e+00
156377,4.4393681679895201e+02,2.6473211636547651e+00
156426,4.4393681679895201e+02,2.6473211636547651e+00
156475,4.4393681679895201e+02,2.6473211636547651e+00
156524,4.4393681679895201e+02,2.6473211636547651e+00
156573,4.4393681679895201e+02,2.6473211636547651e+00
156622,4.4393681679895201e+02,2.6473211636547651e+00
156671,4.4393681679895201e+02,2.6473211636547651e+00
156720,4.4393681679895201e+02,2.6473211636547651e+00
156769,4.4393681679895201e+02,2.6473211636547651e+00
156818,4.4393681679895201e+02,2.6473211636547651e+00
156867,4.4393681679895201e+02,2.6473211636547651e+00
156916,4.4393681679895201e+02,2.6473211636547651e+00
156965,4.4393681679895201e+02,2.6473211636547651e+00
157014,4.4393681679895201e+02,2.6473211636547651e+00
157063,4.4393681679895201e+02,2.6473211636547651e+00
157112,4.4393681679895201e+02,2.6473211636547651e+00
157161,4.4393681679895201e+02,2.6473211636547651e+00
157210,4.4393681679895201e+02,2.6473211636547651e+00
157259,4.4393681679895201e+02,2.6473211636547651e+00
157308,4.4393681679895201e+02,2.6473211636547651e+00
157356,4.4393681679895201e+02,2.6473211636547651e+00
157404,4.4393681679895201e+02,2.6473211636547651e+00
157452,4.4393681679895201e+02,2.6473211636547651e+00
157500,4.4393681679895201e+02,2.6473211636547651e+00
157548,4.4393681679895201e+02,2.6473211636547651e+00
157596,4.4393681679895201e+02,2.6473211636547651e+00
157644,4.4393681679895201e+02,2.6473211636547651e+00
157692,4.4393681679895201e+02,2.6473211636547651e+00
157740,4.4393681679895201e+02,2.6473211636547651e+00
157788,4.4393681679895201e+02,2.6473211636547651e+00
157836,4.4393681679895201e+02,2.6473211636547651e+00
157884,4.4393681679895201e+02,2.6473211636547651e+00
157932,4.4393681679895201e+02,2.6473211636547651e+00
157980,4.4393681679895201e+02,2.6473211636547651e+00
158028,4.4393681679895201e+02,2.6473211636547651e+00
158076,4.4393681679895201e+02,2.6473211636547651e+00
158124,4.4393681679895201e+02,2.6473211636547651e+00
158172,4.4393681679895201e+02,2.6473211636547651e+00
158220,4.4393681679895201e+02,2.6473211636547651e+00
158268,4.4393681679895201e+02,2.6473211636547651e+00
158316,4.4393681679895201e+02,2.6473211636547651e+00
158364,4.4393681679895201e+02,2.6473211636547651e+00
158412,4.4393681679895201e+02,2.6473211636547651e+00
158460,4.4393681679895201e+02,2.6473211636547651e+00
158508,4.4393681679895201e+02,2.6473211636547651e+00
158556,4.4393681679895201e+02,2.6473211636547651e+00
158604,4.4393681679895201e+02,2.6473211636547651e+00
158652,4.4393681679895201e+02,2.6473211636547651e+00
158700,4.4393681679895201e+02,2.6473211636547651e+00
158748,4.4393681679895201e+02,2.6473211636547651e+00
158796,4.4393681679895201e+02,2.6473211636547651e+00
158844,4.4393681679895201e+02,2.6473211636547651e+00
158892,4.4393681679895201e+02,2.6473211636547651e+00
158940,4.4393681679895201e+02,2.6473211636547651e+00
158988,4.4393681679895201e+02,2.6473211636547651e+00
159036,4.4393681679895201e+02,2.6473211636547651e+00
159084,4.4393681679895201e+02,2.6473211636547651e+00
159132,4.4393681679895201e+02,2.6473211636547651e+00
159180,4.4393681679895201e+02,2.6473211636547651e+00
159228,4.4393681679895201e+02,2.6473211636547651e+00
159275,4.4393681679895201e+02,2.6473211636547651e+00
159322,4.4393681679895201e+02,2.6473211636547651e+00
159369,4.4393681679895201e+02,2.6473211636547651e+00
159416,4.4393681679895201e+02,2.6473211636547651e+00
159463,4.4393681679895201e+02,2.6473211636547651e+00
159510,4.4393681679895201e+02,2.6473211636547651e+00
159557,4.4393681679895201e+02,2.6473211636547651e+00
159604,4.4393681679895201e+02,2.6473211636547651e+00
159651,4.4393681679895201e+02,2.6473211636547651e+00
159698,4.4393681679895201e+02,2.6473211636547651e+00
159745,4.4393681679895201e+02,2.6473211636547651e+00
159792,4.4393681679895201e+02,2.6473211636547651e+00
159839,4.4393681679895201e+02,2.6473211636547651e+00
159886,4.4393681679895201e+02,2.6473211636547651e+00
159933,4.4393681679895201e+02,2.6473211636547651e+00
159980,4.4393681679895201e+02,2.6473211636547651e+00
160027,4.4393681679895201e+02,2.6473211636547651e+00
160074,4.4393681679895201e+02,2.6473211636547651e+00
160121,4.4393681679895201e+02,2.6473211636547651e+00
160168,4.4393681679895201e+02,2.6473211636547651e+00
160215,4.4393681679895201e+02,2.6473211636547651e+00
160262,4.4393681679895201e+02,2.6473211636547651e+00
160309,4.4393681679895201e+02,2.6473211636547651e+00
160356,4.4393681679895201e+02,2.6473211636547651e+00
160403,4.4393681679895201e+02,2.6473211636547651e+00
160450,4.4393681679895201e+02,2.6473211636547651e+00
160497,4.4393681679895201e+02,2.6473211636547651e+00
160544,4.4393681679895201e+02,2.6473211636547651e+00
160591,4.4393681679895201e+02,2.6473211636547651e+00
160638,4.4393681679895201e+02,2.6473211636547651e+00
160685,4.4393681679895201e+02,2.6473211636547651e+00
160732,4.4393681679895201e+02,2.6473211636547651e+00
160779,4.4393681679895201e+02,2.6473211636547651e+00
160826,4.4393681679895201e+02,2.6473211636547651e+00
160873,4.4393681679895201e+02,2.6473211636547651e+00
160920,4.4393681679895201e+02,2.6473211636547651e+00
160967,4.4393681679895201e+02,2.6473211636547651e+00
161014,4.4393681679895201e+02,2.6473211636547651e+00
161061,4.4393681679895201e+02,2.6473211636547651e+00
161108,4.4393681679895201e+02,2.6473211636547651e+00
161155,4.4393681679895201e+02,2.6473211636547651e+00
161201,4.4393681679895201e+02,2.6473211636547651e+00
161247,4.4393681679895201e+02,2.6473211636547651e+00
161293,4.4393681679895201e+02,2.6473211636547651e+00
161339,4.4393681679895201e+02,2.6473211636547651e+00
161385,4.4393681679895201e+02,2.6473211636547651e+00
161431,4.4393681679895201e+02,2.6473211636547651e+00
161477,4.4393681679895201e+02,2.6473211636547651e+00
161523,4.4393681679895201e+02,2.6473211636547651e+00
161569,4.4393681679895201e+02,2.6473211636547651e+00
161615,4.4393681679895201e+02,2.6473211636547651e+00
161661,4.4393681679895201e+02,2.6473211636547651e+00
161707,4.4393681679895201e+02,2.6473211636547651e+00
161753,4.4393681679895201e+02,2.6473211636547651e+00
161799,4.4393681679895201e+02,2.6473211636547651e+00
161845,4.4393681679895201e+02,2.6473211636547651e+00
161891,4.4393681679895201e+02,2.6473211636547651e+00
161937,4.4393681679895201e+02,2.6473211636547651e+00
161983,4.4393681679895201e+02,2.6473211636547651e+00
162029,4.4393681679895201e+02,2.6473211636547651e+00
162075,4.4393681679895201e+02,2.6473211636547651e+00
162121,4.4393681679895201e+02,2.6473211636547651e+00
162167,4.4393681679895201e+02,2.6473211636547651e+00
162213,4.4393681679895201e+02,2.6473211636547651e+00
162259,4.4393681679895201e+02,2.6473211636547651e+00
162305,4.4393681679895201e+02,2.6473211636547651e+00
162351,4.4393681679895201e+02,2.6473211636547651e+00
162397,4.4393681679895201e+02,2.6473211636547651e+00
162443,4.4393681679895201e+02,2.6473211636547651e+00
162489,4.4393681679895201e+02,2.6473211636547651e+00
162535,4.4393681679895201e+02,2.6473211636547651e+00
162581,4.4393681679895201e+02,2.6473211636547651e+00
162627,4.4393681679895201e+02,2.6473211636547651e+00
162673,4.4393681679895201e+02,2.6473211636547651e+00
162719,4.4393681679895201e+02,2.6473211636547651e+00
162765,4.4393681679895201e+02,2.6473211636547651e+00
162811,4.4393681679895201e+02,2.6473211636547651e+00
162857,4.4393681679895201e+02,2.6473211636547651e+00
162903,4.4393681679895201e+02,2.6473211636547651e+00
162949,4.4393681679895201e+02,2.6473211636547651e+00
162995,4.4393681679895201e+02,2.6473211636547651e+00
163041,4.4393681679895201e+02,2.6473211636547651e+00
163087,4.4393681679895201e+02,2.6473211636547651e+00
163133,4.4393681679895201e+02,2.6473211636547651e+00
163178,4.4393681679895201e+02,2.6473211636547651e+00
163223,4.4393681679895201e+02,2.6473211636547651e+00
163268,4.4393681679895201e+02,2.6473211636547651e+00
163313,4.4393681679895201e+02,2.6473211636547651e+00
163358,4.4393681679895201e+02,2.6473211636547651e+00
163403,4.4393681679895201e+02,2.6473211636547651e+00
163448,4.4393681679895201e+02,2.6473211636547651e+00
163493,4.4393681679895201e+02,2.6473211636547651e+00
163538,4.4393681679895201e+02,2.6473211636547651e+00
163583,4.4393681679895201e+02,2.6473211636547651e+00
163628,4.4393681679895201e+02,2.6473211636547651e+00
163673,4.4393681679895201e+02,2.6473211636547651e+00
163718,4.4393681679895201e+02,2.6473211636547651e+00
163763,4.4393681679895201e+02,2.6473211636547651e+00
163808,4.4393681679895201e+02,2.6473211636547651e+00
163853,4.4393681679895201e+02,2.6473211636547651e+00
163898,4.4393681679895201e+02,2.6473211636547651e+00
163943,4.4393681679895201e+02,2.6473211636547651e+00
163988,4.4393681679895201e+02,2.6473211636547651e+00
164033,4.4393681679895201e+02,2.6473211636547651e+00
164078,4.4393681679895201e+02,2.6473211636547651e+00
164123,4.4393681679895201e+02,2.6473211636547651e+00
164168,4.4393681679895201e+02,2.6473211636547651e+00
164213,4.4393681679895201e+02,2.6473211636547651e+00
164258,4.4393681679895201e+02,2.6473211636547651e+00
164303,4.4393681679895201e+02,2.6473211636547651e+00
164348,4.4393681679895201e+02,2.6473211636547651e+00
164393,4.4393681679895201e+02,2.6473211636547651e+00
164438,4.4393681679895201e+02,2.6473211636547651e+00
164483,4.4393681679895201e+02,2.6473211636547651e+00
164528,4.4393681679895201e+02,2.6473211636547651e+00
164573,4.4393681679895201e+02,2.6473211636547651e+00
164618,4.4393681679895201e+02,2.6473211636547651e+00
164663,4.4393681679895201e+02,2.6473211636547651e+00
164708,4.4393681679895201e+02,2.6473211636547651e+00
164753,4.4393681679895201e+02,2.6473211636547651e+00
164798,4.4393681679895201e+02,2.6473211636547651e+00
164843,4.4393681679895201e+02,2.6473211636547651e+00
164888,4.4393681679895201e+02,2.6473211636547651e+00
164933,4.4393681679895201e+02,2.6473211636547651e+00
164978,4.4393681679895201e+02,2.6473211636547651e+00
165023,4.4393681679895201e+02,2.6473211636547651e+00
165068,4.4393681679895201e+02,2.6473211636547651e+00
165113,4.4393681679895201e+02,2.6473211636547651e+00
165157,4.4393681679895201e+02,2.6473211636547651e+00
165201,4.4393681679895201e+02,2.6473211636547651e+00
165245,4.4393681679895201e+02,2.6473211636547651e+00
165289,4.4393681679895201e+02,2.6473211636547651e+00
165333,4.4393681679895201e+02,2.6473211636547651e+00
165377,4.4393681679895201e+02,2.6473211636547651e+00
165421,4.4393681679895201e+02,2.6473211636547651e+00
165465,4.4393681679895201e+02,2.6473211636547651e+00
165509,4.4393681679895201e+02,2.6473211636547651e+00
165553,4.4393681679895201e+02,2.6473211636547651e+00
165597,4.4393681679895201e+02,2.6473211636547651e+00
165641,4.4393681679895201e+02,2.6473211636547651e+00
165685,4.4393681679895201e+02,2.6473211636547651e+00
165729,4.4393681679895201e+02,2.6473211636547651e+00
165773,4.4393681679895201e+02,2.6473211636547651e+00
165817,4.4393681679895201e+02,2.6473211636547651e+00
165861,4.4393681679895201e+02,2.6473211636547651e+00
165905,4.4393681679895201e+02,2.6473211636547651e+00
165949,4.4393681679895201e+02,2.6473211636547651e+00
165993,4.4393681679895201e+02,2.6473211636547651e+00
166037,4.4393681679895201e+02,2.6473211636547651e+00
166081,4.4393681679895201e+02,2.6473211636547651e+00
166125,4.4393681679895201e+02,2.6473211636547651e+00
166169,4.4393681679895201e+02,2.6473211636547651e+00
166213,4.4393681679895201e+02,2.6473211636547651e+00
166257,4.4393681679895201e+02,2.6473211636547651e+00
166301,4.4393681679895201e+02,2.6473211636547651e+00
166345,4.4393681679895201e+02,2.6473211636547651e+00
166389,4.4393681679895201e+02,2.6473211636547651e+00
166433,4.4393681679895201e+02,2.6473211636547651e+00
166477,4.4393681679895201e+02,2.6473211636547651e+00
166521,4.4393681679895201e+02,2.6473211636547651e+00
166565,4.4393681679895201e+02,2.6473211636547651e+00
166609,4.4393681679895201e+02,2.6473211636547651e+00
166653,4.4393681679895201e+02,2.6473211636547651e+00
166697,4.4393681679895201e+02,2.6473211636547651e+00
166741,4.4393681679895201e+02,2.6473211636547651e+00
166785,4.4393681679895201e+02,2.6473211636547651e+00
166829,4.4393681679895201e+02,2.6473211636547651e+00
166873,4.4393681679895201e+02,2.6473211636547651e+00
166917,4.4393681679895201e+02,2.6473211636547651e+00
166961,4.4393681679895201e+02,2.6473211636547651e+00
167005,4.4393681679895201e+02,2.6473211636547651e+00
167049,4.4393681679895201e+02,2.6473211636547651e+00
167093,4.4393681679895201e+02,2.6473211636547651e+00
167137,4.4393681679895201e+02,2.6473211636547651e+00
167180,4.4393681679895201e+02,2.6473211636547651e+00
167223,4.4393681679895201e+02,2.6473211636547651e+00
167266,4.4393681679895201e+02,2.6473211636547651e+00
167309,4.4393681679895201e+02,2.6473211636547651e+00
167352,4.4393681679895201e+02,2.6473211636547651e+00
167395,4.4393681679895201e+02,2.6473211636547651e+00
167438,4.4393681679895201e+02,2.6473211636547651e+00
167481,4.4393681679895201e+02,2.6473211636547651e+00
167524,4.4393681679895201e+02,2.6473211636547651e+00
167567,4.4393681679895201e+02,2.6473211636547651e+00
167610,4.4393681679895201e+02,2.6473211636547651e+00
167653,4.4393681679895201e+02,2.6473211636547651e+00
167696,4.4393681679895201e+02,2.6473211636547651e+00
167739,4.4393681679895201e+02,2.6473211636547651e+00
167782,4.4393681679895201e+02,2.6473211636547651e+00
167825,4.4393681679895201e+02,2.6473211636547651e+00
167868,4.4393681679895201e+02,2.6473211636547651e+00
167911,4.4393681679895201e+02,2.6473211636547651e+00
167954,4.4393681679895201e+02,2.6473211636547651e+00
167997,4.4393681679895201e+02,2.6473211636547651e+00
168040,4.4393681679895201e+02,2.6473211636547651e+00
168083,4.4393681679895201e+02,2.6473211636547651e+00
168126,4.4393681679895201e+02,2.6473211636547651e+00
168169,4.4393681679895201e+02,2.6473211636547651e+00
168212,4.4393681679895201e+02,2.6473211636547651e+00
168255,4.4393681679895201e+02,2.6473211636547651e+00
168298,4.4393681679895201e+02,2.6473211636547651e+00
168341,4.4393681679895201e+02,2.6473211636547651e+00
168384,4.4393681679895201e+02,2.6473211636547651e+00
168427,4.4393681679895201e+02,2.6473211636547651e+00
168470,4.4393681679895201e+02,2.6473211636547651e+00
168513,4.4393681679895201e+02,2.6473211636547651e+00
168556,4.4393681679895201e+02,2.6473211636547651e+00
168599,4.4393681679895201e+02,2.6473211636547651e+00
168642,4.4393681679895201e+02,2.6473211636547651e+00
168685,4.4393681679895201e+02,2.6473211636547651e+00
168728,4.4393681679895201e+02,2.6473211636547651e+00
168771,4.4393681679895201e+02,2.6473211636547651e+00
168814,4.4393681679895201e+02,2.6473211636547651e+00
168857,4.4393681679895201e+02,2.6473211636547651e+00
168900,4.4393681679895201e+02,2.6473211636547651e+00
168943,4.4393681679895201e+02,2.6473211636547651e+00
168986,4.4393681679895201e+02,2.6473211636547651e+00
169029,4.4393681679895201e+02,2.6473211636547651e+00
169072,4.4393681679895201e+02,2.6473211636547651e+00
169115,4.4393681679895201e+02,2.6473211636547651e+00
169158,4.4393681679895201e+02,2.6473211636547651e+00
169201,4.4393681679895201e+02,2.6473211636547651e+00
169243,4.4393681679895201e+02,2.6473211636547651e+00
169285,4.4393681679895201e+02,2.6473211636547651e+00
169327,4.4393681679895201e+02,2.6473211636547651e+00
169369,4.4393681679895201e+02,2.6473211636547651e+00
169411,4.4393681679895201e+02,2.6473211636547651e+00
169453,4.4393681679895201e+02,2.6473211636547651e+00
169495,4.4393681679895201e+02,2.6473211636547651e+00
169537,4.4393681679895201e+02,2.6473211636547651e+00
169579,4.4393681679895201e+02,2.6473211636547651e+00
169621,4.4393681679895201e+02,2.6473211636547651e+00
169663,4.4393681679895201e+02,2.6473211636547651e+00
169705,4.4393681679895201e+02,2.6473211636547651e+00
169747,4.4393681679895201e+02,2.6473211636547651e+00
169789,4.4393681679895201e+02,2.6473211636547651e+00
169831,4.4393681679895201e+02,2.6473211636547651e+00
169873,4.4393681679895201e+02,2.6473211636547651e+00
169915,4.4393681679895201e+02,2.6473211636547651e+00
169957,4.4393681679895201e+02,2.6473211636547651e+00
169999,4.4393681679895201e+02,2.6473211636547651e+00
170041,4.4393681679895201e+02,2.6473211636547651e+00
170083,4.4393681679895201e+02,2.6473211636547651e+00
170125,4.4393681679895201e+02,2.6473211636547651e+00
170167,4.4393681679895201e+02,2.6473211636547651e+00
170209,4.4393681679895201e+02,2.6473211636547651e+00
170251,4.4393681679895201e+02,2.6473211636547651e+00
170293,4.4393681679895201e+02,2.6473211636547651e+00
170335,4.4393681679895201e+02,2.6473211636547651e+00
170377,4.4393681679895201e+02,2.6473211636547651e+00
170419,4.4393681679895201e+02,2.6473211636547651e+00
170461,4.4393681679895201e+02,2.6473211636547651e+00
170503,4.4393681679895201e+02,2.6473211636547651e+00
170545,4.4393681679895201e+02,2.6473211636547651e+00
170587,4.4393681679895201e+02,2.6473211636547651e+00
170629,4.4393681679895201e+02,2.6473211636547651e+00
170671,4.4393681679895201e+02,2.6473211636547651e+00
170713,4.4393681679895201e+02,2.6473211636547651e+00
170755,4.4393681679895201e+02,2.6473211636547651e+00
170797,4.4393681679895201e+02,2.6473211636547651e+00
170839,4.4393681679895201e+02,2.6473211636547651e+00
170881,4.4393681679895201e+02,2.6473211636547651e+00
170923,4.4393681679895201e+02,2.6473211636547651e+00
170965,4.4393681679895201e+02,2.6473211636547651e+00
171007,4.4393681679895201e+02,2.6473211636547651e+00
171049,4.4393681679895201e+02,2.6473211636547651e+00
171091,4.4393681679895201e+02,2.6473211636547651e+00
171133,4.4393681679895201e+02,2.6473211636547651e+00
171175,4.4393681679895201e+02,2.6473211636547651e+00
171217,4.4393681679895201e+02,2.6473211636547651e+00
171259,4.4393681679895201e+02,2.6473211636547651e+00
171301,4.4393681679895201e+02,2.6473211636547651e+00
171342,4.4393681679895201e+02,2.6473211636547651e+00
171383,4.4393681679895201e+02,2.6473211636547651e+00
171424,4.4393681679895201e+02,2.6473211636547651e+00
171465,4.4393681679895201e+02,2.6473211636547651e+00
171506,4.4393681679895201e+02,2.6473211636547651e+00
171547,4.4393681679895201e+02,2.6473211636547651e+00
171588,4.4393681679895201e+02,2.6473211636547651e+00
171629,4.4393681679895201e+02,2.6473211636547651e+00
171670,4.4393681679895201e+02,2.6473211636547651e+00
171711,4.4393681679895201e+02,2.6473211636547651e+00
171752,4.4393681679895201e+02,2.6473211636547651e+00
171793,4.4393681679895201e+02,2.6473211636547651e+00
171834,4.4393681679895201e+02,2.6473211636547651e+00
171875,4.4393681679895201e+02,2.6473211636547651e+00
171916,4.4393681679895201e+02,2.6473211636547651e+00
171957,4.4393681679895201e+02,2.6473211636547651e+00
171998,4.4393681679895201e+02,2.6473211636547651e+00
172039,4.4393681679895201e+02,2.6473211636547651e+00
172080,4.4393681679895201e+02,2.6473211636547651e+00
172121,4.4393681679895201e+02,2.6473211636547651e+00
172162,4.4393681679895201e+02,2.6473211636547651e+00
172203,4.4393681679895201e+02,2.6473211636547651e+00
172244,4.4393681679895201e+02,2.6473211636547651e+00
172285,4.4393681679895201e+02,2.6473211636547651e+00
172326,4.4393681679895201e+02,2.6473211636547651e+00
172367,4.4393681679895201e+02,2.6473211636547651e+00
172408,4.4393681679895201e+02,2.6473211636547651e+00
172449,4.4393681679895201e+02,2.6473211636547651e+00
172490,4.4393681679895201e+02,2.6473211636547651e+00
172531,4.4393681679895201e+02,2.6473211636547651e+00
172572,4.4393681679895201e+02,2.6473211636547651e+00
172613,4.4393681679895201e+02,2.6473211636547651e+00
172654,4.4393681679895201e+02,2.6473211636547651e+00
172695,4.4393681679895201e+02,2.6473211636547651e+00
172736,4.4393681679895201e+02,2.6473211636547651e+00
172777,4.4393681679895201e+02,2.6473211636547651e+00
172818,4.4393681679895201e+02,2.6473211636547651e+00
172859,4.4393681679895201e+02,2.6473211636547651e+00
172900,4.4393681679895201e+02,2.6473211636547651e+00
172941,4.4393681679895201e+02,2.6473211636547651e+00
172982,4.4393681679895201e+02,2.6473211636547651e+00
173023,4.4393681679895201e+02,2.6473211636547651e+00
173064,4.4393681679895201e+02,2.6473211636547651e+00
173105,4.4393681679895201e+02,2.6473211636547651e+00
173146,4.4393681679895201e+02,2.6473211636547651e+00
173187,4.4393681679895201e+02,2.6473211636547651e+00
173228,4.4393681679895201e+02,2.6473211636547651e+00
173269,4.4393681679895201e+02,2.6473211636547651e+00
173310,4.4393681679895201e+02,2.6473211636547651e+00
173351,4.4393681679895201e+02,2.6473211636547651e+00
173392,4.4393681679895201e+02,2.6473211636547651e+00
173433,4.4393681679895201e+02,2.6473211636547651e+00
173473,4.4393681679895201e+02,2.6473211636547651e+00
173513,4.4393681679895201e+02,2.6473211636547651e+00
173553,4.4393681679895201e+02,2.6473211636547651e+00
173593,4.4393681679895201e+02,2.6473211636547651e+00
173633,4.4393681679895201e+02,2.6473211636547651e+00
173673,4.4393681679895201e+02,2.6473211636547651e+00
173713,4.4393681679895201e+02,2.6473211636547651e+00
173753,4.4393681679895201e+02,2.6473211636547651e+00
173793,4.4393681679895201e+02,2.6473211636547651e+00
173833,4.4393681679895201e+02,2.6473211636547651e+00
173873,4.4393681679895201e+02,2.6473211636547651e+00
173913,4.4393681679895201e+02,2.6473211636547651e+00
173953,4.4393681679895201e+02,2.6473211636547651e+00
173993,4.4393681679895201e+02,2.6473211636547651e+00
174033,4.4393681679895201e+02,2.6473211636547651e+00
174073,4.4393681679895201e+02,2.6473211636547651e+00
174113,4.4393681679895201e+02,2.6473211636547651e+00
174153,4.4393681679895201e+02,2.6473211636547651e+00
174193,4.4393681679895201e+02,2.6473211636547651e+00
174233,4.4393681679895201e+02,2.6473211636547651e+00
174273,4.4393681679895201e+02,2.6473211636547651e+00
174313,4.4393681679895201e+02,2.6473211636547651e+00
174353,4.4393681679895201e+02,2.6473211636547651e+00
174393,4.4393681679895201e+02,2.6473211636547651e+00
174433,4.4393681679895201e+02,2.6473211636547651e+00
174473,4.4393681679895201e+02,2.6473211636547651e+00
174513,4.4393681679895201e+02,2.6473211636547651e+00
174553,4.4393681679895201e+02,2.6473211636547651e+00
174593,4.4393681679895201e+02,2.6473211636547651e+00
174633,4.4393681679895201e+02,2.6473211636547651e+00
174673,4.4393681679895201e+02,2.6473211636547651e+00
174713,4.4393681679895201e+02,2.6473211636547651e+00
174753,4.4393681679895201e+02,2.6473211636547651e+00
174793,4.4393681679895201e+02,2.6473211636547651e+00
174833,4.4393681679895201e+02,2.6473211636547651e+00
174873,4.4393681679895201e+02,2.6473211636547651e+00
174913,4.4393681679895201e+02,2.6473211636547651e+00
174953,4.4393681679895201e+02,2.6473211636547651e+00
174993,4.4393681679895201e+02,2.6473211636547651e+00
175033,4.4393681679895201e+02,2.6473211636547651e+00
175073,4.4393681679895201e+02,2.6473211636547651e+00
175113,4.4393681679895201e+02,2.6473211636547651e+00
175153,4.4393681679895201e+02,2.6473211636547651e+00
175193,4.4393681679895201e+02,2.6473211636547651e+00
175233,4.4393681679895201e+02,2.6473211636547651e+00
175273,4.4393681679895201e+02,2.6473211636547651e+00
175313,4.4393681679895201e+02,2.6473211636547651e+00
175353,4.4393681679895201e+02,2.6473211636547651e+00
175393,4.4393681679895201e+02,2.6473211636547651e+00
175433,4.4393681679895201e+02,2.6473211636547651e+00
175473,4.4393681679895201e+02,2.6473211636547651e+00
175513,4.4393681679895201e+02,2.6473211636547651e+00
175553,4.4393681679895201e+02,2.6473211636547651e+00
175593,4.4393681679895201e+02,2.6473211636547651e+00
175632,4.4393681679895201e+02,2.6473211636547651e+00
175671,4.4393681679895201e+02,2.6473211636547651e+00
175710,4.4393681679895201e+02,2.6473211636547651e+00
175749,4.4393681679895201e+02,2.6473211636547651e+00
175788,4.4393681679895201e+02,2.6473211636547651e+00
175827,4.4393681679895201e+02,2.6473211636547651e+00
175866,4.4393681679895201e+02,2.6473211636547651e+00
175905,4.4393681679895201e+02,2.6473211636547651e+00
175944,4.4393681679895201e+02,2.6473211636547651e+00
175983,4.4393681679895201e+02,2.6473211636547651e+00
176022,4.4393681679895201e+02,2.6473211636547651e+00
176061,4.4393681679895201e+02,2.6473211636547651e+00
176100,4.4393681679895201e+02,2.6473211636547651e+00
176139,4.4393681679895201e+02,2.6473211636547651e+00
176178,4.4393681679895201e+02,2.6473211636547651e+00
176217,4.4393681679895201e+02,2.6473211636547651e+00
176256,4.4393681679895201e+02,2.6473211636547651e+00
176295,4.4393681679895201e+02,2.6473211636547651e+00
176334,4.4393681679895201e+02,2.6473211636547651e+00
176373,4.4393681679895201e+02,2.6473211636547651e+00
176412,4.4393681679895201e+02,2.6473211636547651e+00
176451,4.4393681679895201e+02,2.6473211636547651e+00
176490,4.4393681679895201e+02,2.6473211636547651e+00
176529,4.4393681679895201e+02,2.6473211636547651e+00
176568,4.4393681679895201e+02,2.6473211636547651e+00
176607,4.4393681679895201e+02,2.6473211636547651e+00
176646,4.4393681679895201e+02,2.6473211636547651e+00
176685,4.4393681679895201e+02,2.6473211636547651e+00
176724,4.4393681679895201e+02,2.6473211636547651e+00
176763,4.4393681679895201e+02,2.6473211636547651e+00
176802,4.4393681679895201e+02,2.6473211636547651e+00
176841,4.4393681679895201e+02,2.6473211636547651e+00
176880,4.4393681679895201e+02,2.6473211636547651e+00
176919,4.4393681679895201e+02,2.6473211636547651e+00
176958,4.4393681679895201e+02,2.6473211636547651e+00
176997,4.4393681679895201e+02,2.6473211636547651e+00
177036,4.4393681679895201e+02,2.6473211636547651e+00
177075,4.4393681679895201e+02,2.6473211636547651e+00
177114,4.4393681679895201e+02,2.6473211636547651e+00
177153,4.4393681679895201e+02,2.6473211636547651e+00
177192,4.4393681679895201e+02,2.6473211636547651e+00
177231,4.4393681679895201e+02,2.6473211636547651e+00
177270,4.4393681679895201e+02,2.6473211636547651e+00
177309,4.4393681679895201e+02,2.6473211636547651e+00
177348,4.4393681679895201e+02,2.6473211636547651e+00
177387,4.4393681679895201e+02,2.6473211636547651e+00
177426,4.4393681679895201e+02,2.6473211636547651e+00
177465,4.4393681679895201e+02,2.6473211636547651e+00
177504,4.4393681679895201e+02,2.6473211636547651e+00
177543,4.4393681679895201e+02,2.6473211636547651e+00
177582,4.4393681679895201e+02,2.6473211636547651e+00
177621,4.4393681679895201e+02,2.6473211636547651e+00
177660,4.4393681679895201e+02,2.6473211636547651e+00
177699,4.4393681679895201e+02,2.6473211636547651e+00
177738,4.4393681679895201e+02,2.6473211636547651e+00
177777,4.4393681679895201e+02,2.6473211636547651e+00
177815,4.4393681679895201e+02,2.6473211636547651e+00
177853,4.4393681679895201e+02,2.6473211636547651e+00
177891,4.4393681679895201e+02,2.6473211636547651e+00
177929,4.4393681679895201e+02,2.6473211636547651e+00
177967,4.4393681679895201e+02,2.6473211636547651e+00
178005,4.4393681679895201e+02,2.6473211636547651e+00
178043,4.4393681679895201e+02,2.6473211636547651e+00
178081,4.4393681679895201e+02,2.6473211636547651e+00
178119,4.4393681679895201e+02,2.6473211636547651e+00
178157,4.4393681679895201e+02,2.6473211636547651e+00
178195,4.4393681679895201e+02,2.6473211636547651e+00
178233,4.4393681679895201e+02,2.6473211636547651e+00
178271,4.4393681679895201e+02,2.6473211636547651e+00
178309,4.4393681679895201e+02,2.6473211636547651e+00
178347,4.4393681679895201e+02,2.6473211636547651e+00
178385,4.4393681679895201e+02,2.6473211636547651e+00
178423,4.4393681679895201e+02,2.6473211636547651e+00
178461,4.4393681679895201e+02,2.6473211636547651e+00
178499,4.4393681679895201e+02,2.6473211636547651e+00
178537,4.4393681679895201e+02,2.6473211636547651e+00
178575,4.4393681679895201e+02,2.6473211636547651e+00
178613,4.4393681679895201e+02,2.6473211636547651e+00
178651,4.4393681679895201e+02,2.6473211636547651e+00
178689,4.4393681679895201e+02,2.6473211636547651e+00
178727,4.4393681679895201e+02,2.6473211636547651e+00
178765,4.4393681679895201e+02,2.6473211636547651e+00
178803,4.4393681679895201e+02,2.6473211636547651e+00
178841,4.4393681679895201e+02,2.6473211636547651e+00
178879,4.4393681679895201e+02,2.6473211636547651e+00
178917,4.4393681679895201e+02,2.6473211636547651e+00
178955,4.4393681679895201e+02,2.6473211636547651e+00
178993,4.4393681679895201e+02,2.6473211636547651e+00
179031,4.4393681679895201e+02,2.6473211636547651e+00
179069,4.4393681679895201e+02,2.6473211636547651e+00
179107,4.4393681679895201e+02,2.6473211636547651e+00
179145,4.4393681679895201e+02,2.6473211636547651e+00
179183,4.4393681679895201e+02,2.6473211636547651e+00
179221,4.4393681679895201e+02,2.6473211636547651e+00
179259,4.4393681679895201e+02,2.6473211636547651e+00
179297,4.4393681679895201e+02,2.6473211636547651e+00
179335,4.4393681679895201e+02,2.6473211636547651e+00
179373,4.4393681679895201e+02,2.6473211636547651e+00
179411,4.4393681679895201e+02,2.6473211636547651e+00
179449,4.4393681679895201e+02,2.6473211636547651e+00
179487,4.4393681679895201e+02,2.6473211636547651e+00
179525,4.4393681679895201e+02,2.6473211636547651e+00
179563,4.4393681679895201e+02,2.6473211636547651e+00
179601,4.4393681679895201e+02,2.6473211636547651e+00
179639,4.4393681679895201e+02,2.6473211636547651e+00
179677,4.4393681679895201e+02,2.6473211636547651e+00
179715,4.4393681679895201e+02,2.6473211636547651e+00
179753,4.4393681679895201e+02,2.6473211636547651e+00
179791,4.4393681679895201e+02,2.6473211636547651e+00
179829,4.4393681679895201e+02,2.6473211636547651e+00
179867,4.4393681679895201e+02,2.6473211636547651e+00
179905,4.4393681679895201e+02,2.6473211636547651e+00
179943,4.4393681679895201e+02,2.6473211636547651e+00
179981,4.4393681679895201e+02,2.6473211636547651e+00
180019,4.4393681679895201e+02,2.6473211636547651e+00
180056,4.4393681679895201e+02,2.6473211636547651e+00
180093,4.4393681679895201e+02,2.6473211636547651e+00
180130,4.4393681679895201e+02,2.6473211636547651e+00
180167,4.4393681679895201e+02,2.6473211636547651e+00
180204,4.4393681679895201e+02,2.6473211636547651e+00
180241,4.4393681679895201e+02,2.6473211636547651e+00
180278,4.4393681679895201e+02,2.6473211636547651e+00
180315,4.4393681679895201e+02,2.6473211636547651e+00
180352,4.4393681679895201e+02,2.6473211636547651e+00
180389,4.4393681679895201e+02,2.6473211636547651e+00
180426,4.4393681679895201e+02,2.6473211636547651e+00
180463,4.4393681679895201e+02,2.6473211636547651e+00
180500,4.4393681679895201e+02,2.6473211636547651e+00
180537,4.4393681679895201e+02,2.6473211636547651e+00
180574,4.4393681679895201e+02,2.6473211636547651e+00
180611,4.4393681679895201e+02,2.6473211636547651e+00
180648,4.4393681679895201e+02,2.6473211636547651e+00
180685,4.4393681679895201e+02,2.6473211636547651e+00
180722,4.4393681679895201e+02,2.6473211636547651e+00
180759,4.4393681679895201e+02,2.6473211636547651e+00
180796,4.4393681679895201e+02,2.6473211636547651e+00
180833,4.4393681679895201e+02,2.6473211636547651e+00
180870,4.4393681679895201e+02,2.6473211636547651e+00
180907,4.4393681679895201e+02,2.6473211636547651e+00
180944,4.4393681679895201e+02,2.6473211636547651e+00
180981,4.4393681679895201e+02,2.6473211636547651e+00
181018,4.4393681679895201e+02,2.6473211636547651e+00
181055,4.4393681679895201e+02,2.6473211636547651e+00
181092,4.4393681679895201e+02,2.6473211636547651e+00
181129,4.4393681679895201e+02,2.6473211636547651e+00
181166,4.4393681679895201e+02,2.6473211636547651e+00
181203,4.4393681679895201e+02,2.6473211636547651e+00
181240,4.4393681679895201e+02,2.6473211636547651e+00
181277,4.4393681679895201e+02,2.6473211636547651e+00
181314,4.4393681679895201e+02,2.6473211636547651e+00
181351,4.4393681679895201e+02,2.6473211636547651e+00
181388,4.4393681679895201e+02,2.6473211636547651e+00
181425,4.4393681679895201e+02,2.6473211636547651e+00
181462,4.4393681679895201e+02,2.6473211636547651e+00
181499,4.4393681679895201e+02,2.6473211636547651e+00
181536,4.4393681679895201e+02,2.6473211636547651e+00
181573,4.4393681679895201e+02,2.6473211636547651e+00
181610,4.4393681679895201e+02,2.6473211636547651e+00
181647,4.4393681679895201e+02,2.6473211636547651e+00
181684,4.4393681679895201e+02,2.6473211636547651e+00
181721,4.4393681679895201e+02,2.6473211636547651e+00
181758,4.4393681679895201e+02,2.6473211636547651e+00
181795,4.4393681679895201e+02,2.6473211636547651e+00
181832,4.4393681679895201e+02,2.6473211636547651e+00
181869,4.4393681679895201e+02,2.6473211636547651e+00
181906,4.4393681679895201e+02,2.6473211636547651e+00
181943,4.4393681679895201e+02,2.6473211636547651e+00
181980,4.4393681679895201e+02,2.6473211636547651e+00
182017,4.4393681679895201e+02,2.6473211636547651e+00
182054,4.4393681679895201e+02,2.6473211636547651e+00
182091,4.4393681679895201e+02,2.6473211636547651e+00
182128,4.4393681679895201e+02,2.6473211636547651e+00
182165,4.4393681679895201e+02,2.6473211636547651e+00
182202,4.4393681679895201e+02,2.6473211636547651e+00
182239,4.4393681679895201e+02,2.6473211636547651e+00
182276,4.4393681679895201e+02,2.6473211636547651e+00
182313,4.4393681679895201e+02,2.6473211636547651e+00
182349,4.4393681679895201e+02,2.6473211636547651e+00
182385,4.4393681679895201e+02,2.6473211636547651e+00
182421,4.4393681679895201e+02,2.6473211636547651e+00
182457,4.4393681679895201e+02,2.6473211636547651e+00
182493,4.4393681679895201e+02,2.6473211636547651e+00
182529,4.4393681679895201e+02,2.6473211636547651e+00
182565,4.4393681679895201e+02,2.6473211636547651e+00
182601,4.4393681679895201e+02,2.6473211636547651e+00
182637,4.4393681679895201e+02,2.6473211636547651e+00
182673,4.4393681679895201e+02,2.6473211636547651e+00
182709,4.4393681679895201e+02,2.6473211636547651e+00
182745,4.4393681679895201e+02,2.6473211636547651e+00
182781,4.4393681679895201e+02,2.6473211636547651e+00
182817,4.4393681679895201e+02,2.6473211636547651e+00
182853,4.4393681679895201e+02,2.6473211636547651e+00
182889,4.4393681679895201e+02,2.6473211636547651e+00
182925,4.4393681679895201e+02,2.6473211636547651e+00
182961,4.4393681679895201e+02,2.6473211636547651e+00
182997,4.4393681679895201e+02,2.6473211636547651e+00
183033,4.4393681679895201e+02,2.6473211636547651e+00
183069,4.4393681679895201e+02,2.6473211636547651e+00
183105,4.4393681679895201e+02,2.6473211636547651e+00
183141,4.4393681679895201e+02,2.6473211636547651e+00
183177,4.4393681679895201e+02,2.6473211636547651e+00
183213,4.4393681679895201e+02,2.6473211636547651e+00
183249,4.4393681679895201e+02,2.6473211636547651e+00
183285,4.4393681679895201e+02,2.6473211636547651e+00
183321,4.4393681679895201e+02,2.6473211636547651e+00
183357,4.4393681679895201e+02,2.6473211636547651e+00
183393,4.4393681679895201e+02,2.6473211636547651e+00
183429,4.4393681679895201e+02,2.6473211636547651e+00
183465,4.4393681679895201e+02,2.6473211636547651e+00
183501,4.4393681679895201e+02,2.6473211636547651e+00
183537,4.4393681679895201e+02,2.6473211636547651e+00
183573,4.4393681679895201e+02,2.6473211636547651e+00
183609,4.4393681679895201e+02,2.6473211636547651e+00
183645,4.4393681679895201e+02,2.6473211636547651e+00
183681,4.4393681679895201e+02,2.6473211636547651e+00
183717,4.4393681679895201e+02,2.6473211636547651e+00
183753,4.4393681679895201e+02,2.6473211636547651e+00
183789,4.4393681679895201e+02,2.6473211636547651e+00
183825,4.4393681679895201e+02,2.6473211636547651e+00
183861,4.4393681679895201e+02,2.6473211636547651e+00
183897,4.4393681679895201e+02,2.6473211636547651e+00
183933,4.4393681679895201e+02,2.6473211636547651e+00
183969,4.4393681679895201e+02,2.6473211636547651e+00
184005,4.4393681679895201e+02,2.6473211636547651e+00
184041,4.4393681679895201e+02,2.6473211636547651e+00
184077,4.4393681679895201e+02,2.6473211636547651e+00
184113,4.4393681679895201e+02,2.6473211636547651e+00
184149,4.4393681679895201e+02,2.6473211636547651e+00
184185,4.4393681679895201e+02,2.6473211636547651e+00
184221,4.4393681679895201e+02,2.6473211636547651e+00
184257,4.4393681679895201e+02,2.6473211636547651e+00
184293,4.4393681679895201e+02,2.6473211636547651e+00
184329,4.4393681679895201e+02,2.6473211636547651e+00
184365,4.4393681679895201e+02,2.6473211636547651e+00
184401,4.4393681679895201e+02,2.6473211636547651e+00
184437,4.4393681679895201e+02,2.6473211636547651e+00
184473,4.4393681679895201e+02,2.6473211636547651e+00
184509,4.4393681679895201e+02,2.6473211636547651e+00
184545,4.4393681679895201e+02,2.6473211636547651e+00
184581,4.4393681679895201e+02,2.6473211636547651e+00
184617,4.4393681679895201e+02,2.6473211636547651e+00
184653,4.4393681679895201e+02,2.6473211636547651e+00
184688,4.4393681679895201e+02,2.6473211636547651e+00
184723,4.4393681679895201e+02,2.6473211636547651e+00
184758,4.4393681679895201e+02,2.6473211636547651e+00
184793,4.4393681679895201e+02,2.6473211636547651e+00
184828,4.4393681679895201e+02,2.6473211636547651e+00
184863,4.4393681679895201e+02,2.6473211636547651e+00
184898,4.4393681679895201e+02,2.6473211636547651e+00
184933,4.4393681679895201e+02,2.6473211636547651e+00
184968,4.4393681679895201e+02,2.6473211636547651e+00
185003,4.4393681679895201e+02,2.6473211636547651e+00
185038,4.4393681679895201e+02,2.6473211636547651e+00
185073,4.4393681679895201e+02,2.6473211636547651e+00
185108,4.4393681679895201e+02,2.6473211636547651e+00
185143,4.4393681679895201e+02,2.6473211636547651e+00
185178,4.4393681679895201e+02,2.6473211636547651e+00
185213,4.4393681679895201e+02,2.6473211636547651e+00
185248,4.4393681679895201e+02,2.6473211636547651e+00
185283,4.4393681679895201e+02,2.6473211636547651e+00
185318,4.4393681679895201e+02,2.6473211636547651e+00
185353,4.4393681679895201e+02,2.6473211636547651e+00
185388,4.4393681679895201e+02,2.6473211636547651e+00
185423,4.4393681679895201e+02,2.6473211636547651e+00
185458,4.4393681679895201e+02,2.6473211636547651e+00
185493,4.4393681679895201e+02,2.6473211636547651e+00
185528,4.4393681679895201e+02,2.6473211636547651e+00
185563,4.4393681679895201e+02,2.6473211636547651e+00
185598,4.4393681679895201e+02,2.6473211636547651e+00
185633,4.4393681679895201e+02,2.6473211636547651e+00
185668,4.4393681679895201e+02,2.6473211636547651e+00
185703,4.4393681679895201e+02,2.6473211636547651e+00
185738,4.4393681679895201e+02,2.6473211636547651e+00
185773,4.4393681679895201e+02,2.6473211636547651e+00
185808,4.4393681679895201e+02,2.6473211636547651e+00
185843,4.4393681679895201e+02,2.6473211636547651e+00
185878,4.4393681679895201e+02,2.6473211636547651e+00
185913,4.4393681679895201e+02,2.6473211636547651e+00
185948,4.4393681679895201e+02,2.6473211636547651e+00
185983,4.4393681679895201e+02,2.6473211636547651e+00
186018,4.4393681679895201e+02,2.6473211636547651e+00
186053,4.4393681679895201e+02,2.6473211636547651e+00
186088,4.4393681679895201e+02,2.6473211636547651e+00
186123,4.4393681679895201e+02,2.6473211636547651e+00
186158,4.4393681679895201e+02,2.6473211636547651e+00
186193,4.4393681679895201e+02,2.6473211636547651e+00
186228,4.4393681679895201e+02,2.6473211636547651e+00
186263,4.4393681679895201e+02,2.6473211636547651e+00
186298,4.4393681679895201e+02,2.6473211636547651e+00
186333,4.4393681679895201e+02,2.6473211636547651e+00
186368,4.4393681679895201e+02,2.6473211636547651e+00
186403,4.4393681679895201e+02,2.6473211636547651e+00
186438,4.4393681679895201e+02,2.6473211636547651e+00
186473,4.4393681679895201e+02,2.6473211636547651e+00
186508,4.4393681679895201e+02,2.6473211636547651e+00
186543,4.4393681679895201e+02,2.6473211636547651e+00
186578,4.4393681679895201e+02,2.6473211636547651e+00
186613,4.4393681679895201e+02,2.6473211636547651e+00
186648,4.4393681679895201e+02,2.6473211636547651e+00
186683,4.4393681679895201e+02,2.6473211636547651e+00
186718,4.4393681679895201e+02,2.6473211636547651e+00
186753,4.4393681679895201e+02,2.6473211636547651e+00
186788,4.4393681679895201e+02,2.6473211636547651e+00
186823,4.4393681679895201e+02,2.6473211636547651e+00
186858,4.4393681679895201e+02,2.6473211636547651e+00
186893,4.4393681679895201e+02,2.6473211636547651e+00
186928,4.4393681679895201e+02,2.6473211636547651e+00
186963,4.4393681679895201e+02,2.6473211636547651e+00
186998,4.4393681679895201e+02,2.6473211636547651e+00
187033,4.4393681679895201e+02,2.6473211636547651e+00
187067,4.4393681679895201e+02,2.6473211636547651e+00
187101,4.4393681679895201e+02,2.6473211636547651e+00
187135,4.4393681679895201e+02,2.6473211636547651e+00
187169,4.4393681679895201e+02,2.6473211636547651e+00
187203,4.4393681679895201e+02,2.6473211636547651e+00
187237,4.4393681679895201e+02,2.6473211636547651e+00
187271,4.4393681679895201e+02,2.6473211636547651e+00
187305,4.4393681679895201e+02,2.6473211636547651e+00
187339,4.4393681679895201e+02,2.6473211636547651e+00
187373,4.4393681679895201e+02,2.6473211636547651e+00
187407,4.4393681679895201e+02,2.6473211636547651e+00
187441,4.4393681679895201e+02,2.6473211636547651e+00
187475,4.4393681679895201e+02,2.6473211636547651e+00
187509,4.4393681679895201e+02,2.6473211636547651e+00
187543,4.4393681679895201e+02,2.6473211636547651e+00
187577,4.4393681679895201e+02,2.6473211636547651e+00
187611,4.4393681679895201e+02,2.6473211636547651e+00
187645,4.4393681679895201e+02,2.6473211636547651e+00
187679,4.4393681679895201e+02,2.6473211636547651e+00
187713,4.4393681679895201e+02,2.6473211636547651e+00
187747,4.4393681679895201e+02,2.6473211636547651e+00
187781,4.4393681679895201e+02,2.6473211636547651e+00
187815,4.4393681679895201e+02,2.6473211636547651e+00
187849,4.4393681679895201e+02,2.6473211636547651e+00
187883,4.4393681679895201e+02,2.6473211636547651e+00
187917,4.4393681679895201e+02,2.6473211636547651e+00
187951,4.4393681679895201e+02,2.6473211636547651e+00
187985,4.4393681679895201e+02,2.6473211636547651e+00
188019,4.4393681679895201e+02,2.6473211636547651e+00
188053,4.4393681679895201e+02,2.6473211636547651e+00
188087,4.4393681679895201e+02,2.6473211636547651e+00
188121,4.4393681679895201e+02,2.6473211636547651e+00
188155,4.4393681679895201e+02,2.6473211636547651e+00
188189,4.4393681679895201e+02,2.6473211636547651e+00
188223,4.4393681679895201e+02,2.6473211636547651e+00
188257,4.4393681679895201e+02,2.6473211636547651e+00
188291,4.4393681679895201e+02,2.6473211636547651e+00
188325,4.4393681679895201e+02,2.6473211636547651e+00
188359,4.4393681679895201e+02,2.6473211636547651e+00
188393,4.4393681679895201e+02,2.6473211636547651e+00
188427,4.4393681679895201e+02,2.6473211636547651e+00
188461,4.4393681679895201e+02,2.6473211636547651e+00
188495,4.4393681679895201e+02,2.6473211636547651e+00
188529,4.4393681679895201e+02,2.6473211636547651e+00
188563,4.4393681679895201e+02,2.6473211636547651e+00
188597,4.4393681679895201e+02,2.6473211636547651e+00
188631,4.4393681679895201e+02,2.6473211636547651e+00
188665,4.4393681679895201e+02,2.6473211636547651e+00
188699,4.4393681679895201e+02,2.6473211636547651e+00
188733,4.4393681679895201e+02,2.6473211636547651e+00
188767,4.4393681679895201e+02,2.6473211636547651e+00
188801,4.4393681679895201e+02,2.6473211636547651e+00
188835,4.4393681679895201e+02,2.6473211636547651e+00
188869,4.4393681679895201e+02,2.6473211636547651e+00
188903,4.4393681679895201e+02,2.6473211636547651e+00
188937,4.4393681679895201e+02,2.6473211636547651e+00
188971,4.4393681679895201e+02,2.6473211636547651e+00
189005,4.4393681679895201e+02,2.6473211636547651e+00
189039,4.4393681679895201e+02,2.6473211636547651e+00
189073,4.4393681679895201e+02,2.6473211636547651e+00
189107,4.4393681679895201e+02,2.6473211636547651e+00
189141,4.4393681679895201e+02,2.6473211636547651e+00
189175,4.4393681679895201e+02,2.6473211636547651e+00
189209,4.4393681679895201e+02,2.6473211636547651e+00
189243,4.4393681679895201e+02,2.6473211636547651e+00
189277,4.4393681679895201e+02,2.6473211636547651e+00
189311,4.4393681679895201e+02,2.6473211636547651e+00
189345,4.4393681679895201e+02,2.6473211636547651e+00
189379,4.4393681679895201e+02,2.6473211636547651e+00
189413,4.4393681679895201e+02,2.6473211636547651e+00
189447,4.4393681679895201e+02,2.6473211636547651e+00
189481,4.4393681679895201e+02,2.6473211636547651e+00
189514,4.4393681679895201e+02,2.6473211636547651e+00
189547,4.4393681679895201e+02,2.6473211636547651e+00
189580,4.4393681679895201e+02,2.6473211636547651e+00
189613,4.4393681679895201e+02,2.6473211636547651e+00
189646,4.4393681679895201e+02,2.6473211636547651e+00
189679,4.4393681679895201e+02,2.6473211636547651e+00
189712,4.4393681679895201e+02,2.6473211636547651e+00
189745,4.4393681679895201e+02,2.6473211636547651e+00
189778,4.4393681679895201e+02,2.6473211636547651e+00
189811,4.4393681679895201e+02,2.6473211636547651e+00
189844,4.4393681679895201e+02,2.6473211636547651e+00
189877,4.4393681679895201e+02,2.6473211636547651e+00
189910,4.4393681679895201e+02,2.6473211636547651e+00
189943,4.4393681679895201e+02,2.6473211636547651e+00
189976,4.4393681679895201e+02,2.6473211636547651e+00
190009,4.4393681679895201e+02,2.6473211636547651e+00
190042,4.4393681679895201e+02,2.6473211636547651e+00
190075,4.4393681679895201e+02,2.6473211636547651e+00
190108,4.4393681679895201e+02,2.6473211636547651e+00
190141,4.4393681679895201e+02,2.6473211636547651e+00
190174,4.4393681679895201e+02,2.6473211636547651e+00
190207,4.4393681679895201e+02,2.6473211636547651e+00
190240,4.4393681679895201e+02,2.6473211636547651e+00
190273,4.4393681679895201e+02,2.6473211636547651e+00
190306,4.4393681679895201e+02,2.6473211636547651e+00
190339,4.4393681679895201e+02,2.6473211636547651e+00
190372,4.4393681679895201e+02,2.6473211636547651e+00
190405,4.4393681679895201e+02,2.6473211636547651e+00
190438,4.4393681679895201e+02,2.6473211636547651e+00
190471,4.4393681679895201e+02,2.6473211636547651e+00
190504,4.4393681679895201e+02,2.6473211636547651e+00
190537,4.4393681679895201e+02,2.6473211636547651e+00
190570,4.4393681679895201e+02,2.6473211636547651e+00
190603,4.4393681679895201e+02,2.6473211636547651e+00
190636,4.4393681679895201e+02,2.6473211636547651e+00
190669,4.4393681679895201e+02,2.6473211636547651e+00
190702,4.4393681679895201e+02,2.6473211636547651e+00
190735,4.4393681679895201e+02,2.6473211636547651e+00
190768,4.4393681679895201e+02,2.6473211636547651e+00
190801,4.4054600566481582e+02,2.6439912679423596e+00
190834,4.4054600566481582e+02,2.6439912679423596e+00
190867,4.4054600566481582e+02,2.6439912679423596e+00
190900,4.4054600566481582e+02,2.6439912679423596e+00
190933,4.4054600566481582e+02,2.6439912679423596e+00
190966,4.4054600566481582e+02,2.6439912679423596e+00
190999,4.4054600566481582e+02,2.6439912679423596e+00
191032,4.4054600566481582e+02,2.6439912679423596e+00
191065,4.4054600566481582e+02,2.6439912679423596e+00
191098,4.4054600566481582e+02,2.6439912679423596e+00
191131,4.4054600566481582e+02,2.6439912679423596e+00
191164,4.4054600566481582e+02,2.6439912679423596e+00
191197,4.4054600566481582e+02,2.6439912679423596e+00
191230,4.4054600566481582e+02,2.6439912679423596e+00
191263,4.4054600566481582e+02,2.6439912679423596e+00
191296,4.4054600566481582e+02,2.6439912679423596e+00
191329,4.4054600566481582e+02,2.6439912679423596e+00
191362,4.4054600566481582e+02,2.6439912679423596e+00
191395,4.4054600566481582e+02,2.6439912679423596e+00
191428,4.4054600566481582e+02,2.6439912679423596e+00
191461,4.4054600566481582e+02,2.6439912679423596e+00
191494,4.4054600566481582e+02,2.6439912679423596e+00
191527,4.4054600566481582e+02,2.6439912679423596e+00
191560,4.4054600566481582e+02,2.6439912679423596e+00
191593,4.4054600566481582e+02,2.6439912679423596e+00
191626,4.4054600566481582e+02,2.6439912679423596e+00
191659,4.4054600566481582e+02,2.6439912679423596e+00
191692,4.4054600566481582e+02,2.6439912679423596e+00
191725,4.4054600566481582e+02,2.6439912679423596e+00
191758,4.4054600566481582e+02,2.6439912679423596e+00
191791,4.4054600566481582e+02,2.6439912679423596e+00
191824,4.4054600566481582e+02,2.6439912679423596e+00
191857,4.4054600566481582e+02,2.6439912679423596e+00
191890,4.4054600566481582e+02,2.6439912679423596e+00
191923,4.4054600566481582e+02,2.6439912679423596e+00
191956,4.4054600566481582e+02,2.6439912679423596e+00
191988,4.4054600566481582e+02,2.6439912679423596e+00
192020,4.4054600566481582e+02,2.6439912679423596e+00
192052,4.4054600566481582e+02,2.6439912679423596e+00
192084,4.4054600566481582e+02,2.6439912679423596e+00
192116,4.4054600566481582e+02,2.6439912679423596e+00
192148,4.4054600566481582e+02,2.6439912679423596e+00
192180,4.4054600566481582e+02,2.6439912679423596e+00
192212,4.4054600566481582e+02,2.6439912679423596e+00
192244,4.4054600566481582e+02,2.6439912679423596e+00
192276,4.4054600566481582e+02,2.6439912679423596e+00
192308,4.4054600566481582e+02,2.6439912679423596e+00
192340,4.4054600566481582e+02,2.6439912679423596e+00
192372,4.4054600566481582e+02,2.6439912679423596e+00
192404,4.4054600566481582e+02,2.6439912679423596e+00
192436,4.4054600566481582e+02,2.6439912679423596e+00
192468,4.4054600566481582e+02,2.6439912679423596e+00
192500,4.4054600566481582e+02,2.6439912679423596e+00
192532,4.4054600566481582e+02,2.6439912679423596e+00
192564,4.4054600566481582e+02,2.6439912679423596e+00
192596,4.4054600566481582e+02,2.6439912679423596e+00
192628,4.4054600566481582e+02,2.6439912679423596e+00
192660,4.4054600566481582e+02,2.6439912679423596e+00
192692,4.4054600566481582e+02,2.6439912679423596e+00
192724,4.4054600566481582e+02,2.6439912679423596e+00
192756,4.4054600566481582e+02,2.6439912679423596e+00
192788,4.4054600566481582e+02,2.6439912679423596e+00
192820,4.4054600566481582e+02,2.6439912679423596e+00
192852,4.4054600566481582e+02,2.6439912679423596e+00
192884,4.4054600566481582e+02,2.6439912679423596e+00
192916,4.4054600566481582e+02,2.6439912679423596e+00
192948,4.4054600566481582e+02,2.6439912679423596e+00
192980,4.4054600566481582e+02,2.6439912679423596e+00
193012,4.4054600566481582e+02,2.6439912679423596e+00
193044,4.4054600566481582e+02,2.6439912679423596e+00
193076,4.4054600566481582e+02,2.6439912679423596e+00
193108,4.4054600566481582e+02,2.6439912679423596e+00
193140,4.4054600566481582e+02,2.6439912679423596e+00
193172,4.4054600566481582e+02,2.6439912679423596e+00
193204,4.4054600566481582e+02,2.6439912679423596e+00
193236,4.4054600566481582e+02,2.6439912679423596e+00
193268,4.4054600566481582e+02,2.6439912679423596e+00
193300,4.4054600566481582e+02,2.6439912679423596e+00
193332,4.4054600566481582e+02,2.6439912679423596e+00
193364,4.4054600566481582e+02,2.6439912679423596e+00
193396,4.4054600566481582e+02,2.6439912679423596e+00
193428,4.4054600566481582e+02,2.6439912679423596e+00
193460,4.4054600566481582e+02,2.6439912679423596e+00
193492,4.4054600566481582e+02,2.6439912679423596e+00
193524,4.4054600566481582e+02,2.6439912679423596e+00
193556,4.4054600566481582e+02,2.6439912679423596e+00
193588,4.4054600566481582e+02,2.6439912679423596e+00
193620,4.4054600566481582e+02,2.6439912679423596e+00
193652,4.4054600566481582e+02,2.6439912679423596e+00
193684,4.4054600566481582e+02,2.6439912679423596e+00
193716,4.4054600566481582e+02,2.6439912679423596e+00
193748,4.4054600566481582e+02,2.6439912679423596e+00
193780,4.4054600566481582e+02,2.6439912679423596e+00
193812,4.4054600566481582e+02,2.6439912679423596e+00
193844,4.4054600566481582e+02,2.6439912679423596e+00
193876,4.4054600566481582e+02,2.6439912679423596e+00
193908,4.4054600566481582e+02,2.6439912679423596e+00
193940,4.4054600566481582e+02,2.6439912679423596e+00
193972,4.4054600566481582e+02,2.6439912679423596e+00
194004,4.4054600566481582e+02,2.6439912679423596e+00
194036,4.4054600566481582e+02,2.6439912679423596e+00
194068,4.4054600566481582e+02,2.6439912679423596e+00
194100,4.4054600566481582e+02,2.6439912679423596e+00
194132,4.4054600566481582e+02,2.6439912679423596e+00
194164,4.4054600566481582e+02,2.6439912679423596e+00
194196,4.4054600566481582e+02,2.6439912679423596e+00
194228,4.4054600566481582e+02,2.6439912679423596e+00
194260,4.4054600566481582e+02,2.6439912679423596e+00
194292,4.4054600566481582e+02,2.6439912679423596e+00
194324,4.4054600566481582e+02,2.6439912679423596e+00
194356,4.4054600566481582e+02,2.6439912679423596e+00
194388,4.4054600566481582e+02,2.6439912679423596e+00
194420,4.4054600566481582e+02,2.6439912679423596e+00
194452,4.4054600566481582e+02,2.6439912679423596e+00
194484,4.4054600566481582e+02,2.6439912679423596e+00
194516,4.4054600566481582e+02,2.6439912679423596e+00
194548,4.4054600566481582e+02,2.6439912679423596e+00
194579,4.4054600566481582e+02,2.6439912679423596e+00
194610,4.4054600566481582e+02,2.6439912679423596e+00
194641,4.4054600566481582e+02,2.6439912679423596e+00
194672,4.4054600566481582e+02,2.6439912679423596e+00
194703,4.4054600566481582e+02,2.6439912679423596e+00
194734,4.4054600566481582e+02,2.6439912679423596e+00
194765,4.4054600566481582e+02,2.6439912679423596e+00
194796,4.4054600566481582e+02,2.6439912679423596e+00
194827,4.4054600566481582e+02,2.6439912679423596e+00
194858,4.4054600566481582e+02,2.6439912679423596e+00
194889,4.4054600566481582e+02,2.6439912679423596e+00
194920,4.4054600566481582e+02,2.6439912679423596e+00
194951,4.4054600566481582e+02,2.6439912679423596e+00
194982,4.4054600566481582e+02,2.6439912679423596e+00
195013,4.4054600566481582e+02,2.6439912679423596e+00
195044,4.4054600566481582e+02,2.6439912679423596e+00
195075,4.4054600566481582e+02,2.6439912679423596e+00
195106,4.4054600566481582e+02,2.6439912679423596e+00
195137,4.4054600566481582e+02,2.6439912679423596e+00
195168,4.4054600566481582e+02,2.6439912679423596e+00
195199,4.4054600566481582e+02,2.6439912679423596e+00
195230,4.4054600566481582e+02,2.6439912679423596e+00
195261,4.4054600566481582e+02,2.6439912679423596e+00
195292,4.4054600566481582e+02,2.6439912679423596e+00
195323,4.4054600566481582e+02,2.6439912679423596e+00
195354,4.4054600566481582e+02,2.6439912679423596e+00
195385,4.4054600566481582e+02,2.6439912679423596e+00
195416,4.4054600566481582e+02,2.6439912679423596e+00
195447,4.4054600566481582e+02,2.6439912679423596e+00
195478,4.4054600566481582e+02,2.6439912679423596e+00
195509,4.4054600566481582e+02,2.6439912679423596e+00
195540,4.4054600566481582e+02,2.6439912679423596e+00
195571,4.4054600566481582e+02,2.6439912679423596e+00
195602,4.4054600566481582e+02,2.6439912679423596e+00
195633,4.4054600566481582e+02,2.6439912679423596e+00
195664,4.4054600566481582e+02,2.6439912679423596e+00
195695,4.4054600566481582e+02,2.6439912679423596e+00
195726,4.4054600566481582e+02,2.6439912679423596e+00
195757,4.4054600566481582e+02,2.6439912679423596e+00
195788,4.4054600566481582e+02,2.6439912679423596e+00
195819,4.4054600566481582e+02,2.6439912679423596e+00
195850,4.4054600566481582e+02,2.6439912679423596e+00
195881,4.4054600566481582e+02,2.6439912679423596e+00
195912,4.4054600566481582e+02,2.6439912679423596e+00
195943,4.4054600566481582e+02,2.6439912679423596e+00
195974,4.4054600566481582e+02,2.6439912679423596e+00
196005,4.4054600566481582e+02,2.6439912679423596e+00
196036,4.4054600566481582e+02,2.6439912679423596e+00
196067,4.4054600566481582e+02,2.6439912679423596e+00
196098,4.4054600566481582e+02,2.6439912679423596e+00
196129,4.4054600566481582e+02,2.6439912679423596e+00
196160,4.4054600566481582e+02,2.6439912679423596e+00
196191,4.4054600566481582e+02,2.6439912679423596e+00
196222,4.4054600566481582e+02,2.6439912679423596e+00
196253,4.4054600566481582e+02,2.6439912679423596e+00
196284,4.4054600566481582e+02,2.6439912679423596e+00
196315,4.4054600566481582e+02,2.6439912679423596e+00
196346,4.4054600566481582e+02,2.6439912679423596e+00
196377,4.4054600566481582e+02,2.6439912679423596e+00
196408,4.4054600566481582e+02,2.6439912679423596e+00
196439,4.4054600566481582e+02,2.6439912679423596e+00
196470,4.4054600566481582e+02,2.6439912679423596e+00
196501,4.4054600566481582e+02,2.6439912679423596e+00
196532,4.4054600566481582e+02,2.6439912679423596e+00
196563,4.4054600566481582e+02,2.6439912679423596e+00
196594,4.4054600566481582e+02,2.6439912679423596e+00
196625,4.4054600566481582e+02,2.6439912679423596e+00
196656,4.4054600566481582e+02,2.6439912679423596e+00
196687,4.4054600566481582e+02,2.6439912679423596e+00
196718,4.4054600566481582e+02,2.6439912679423596e+00
196749,4.4054600566481582e+02,2.6439912679423596e+00
196780,4.4054600566481582e+02,2.6439912679423596e+00
196811,4.4054600566481582e+02,2.6439912679423596e+00
196842,4.4054600566481582e+02,2.6439912679423596e+00
196873,4.4054600566481582e+02,2.6439912679423596e+00
196904,4.4054600566481582e+02,2.6439912679423596e+00
196935,4.4054600566481582e+02,2.6439912679423596e+00
196966,4.4054600566481582e+02,2.6439912679423596e+00
196997,4.4054600566481582e+02,2.6439912679423596e+00
197028,4.4054600566481582e+02,2.6439912679423596e+00
197059,4.4054600566481582e+02,2.6439912679423596e+00
197090,4.4054600566481582e+02,2.6439912679423596e+00
197121,4.4054600566481582e+02,2.6439912679423596e+00
197152,4.4054600566481582e+02,2.6439912679423596e+00
197182,4.4054600566481582e+02,2.6439912679423596e+00
197212,4.4054600566481582e+02,2.6439912679423596e+00
197242,4.4054600566481582e+02,2.6439912679423596e+00
197272,4.4054600566481582e+02,2.6439912679423596e+00
197302,4.4054600566481582e+02,2.6439912679423596e+00
197332,4.4054600566481582e+02,2.6439912679423596e+00
197362,4.4054600566481582e+02,2.6439912679423596e+00
197392,4.4054600566481582e+02,2.6439912679423596e+00
197422,4.4054600566481582e+02,2.6439912679423596e+00
197452,4.4054600566481582e+02,2.6439912679423596e+00
197482,4.4054600566481582e+02,2.6439912679423596e+00
197512,4.4054600566481582e+02,2.6439912679423596e+00
197542,4.4054600566481582e+02,2.6439912679423596e+00
197572,4.4054600566481582e+02,2.6439912679423596e+00
197602,4.4054600566481582e+02,2.6439912679423596e+00
197632,4.4054600566481582e+02,2.6439912679423596e+00
197662,4.4054600566481582e+02,2.6439912679423596e+00
197692,4.4054600566481582e+02,2.6439912679423596e+00
197722,4.4054600566481582e+02,2.6439912679423596e+00
197752,4.4054600566481582e+02,2.6439912679423596e+00
197782,4.4054600566481582e+02,2.6439912679423596e+00
197812,4.4054600566481582e+02,2.6439912679423596e+00
197842,4.4054600566481582e+02,2.6439912679423596e+00
197872,4.4054600566481582e+02,2.6439912679423596e+00
197902,4.4054600566481582e+02,2.6439912679423596e+00
197932,4.4054600566481582e+02,2.6439912679423596e+00
197962,4.4054600566481582e+02,2.6439912679423596e+00
197992,4.4054600566481582e+02,2.6439912679423596e+00
198022,4.4054600566481582e+02,2.6439912679423596e+00
198052,4.4054600566481582e+02,2.6439912679423596e+00
198082,4.4054600566481582e+02,2.6439912679423596e+00
198112,4.4054600566481582e+02,2.6439912679423596e+00
198142,4.4054600566481582e+02,2.6439912679423596e+00
198172,4.4054600566481582e+02,2.6439912679423596e+00
198202,4.4054600566481582e+02,2.6439912679423596e+00
198232,4.4054600566481582e+02,2.6439912679423596e+00
198262,4.4054600566481582e+02,2.6439912679423596e+00
198292,4.4054600566481582e+02,2.6439912679423596e+00
198322,4.4054600566481582e+02,2.6439912679423596e+00
198352,4.4054600566481582e+02,2.6439912679423596e+00
198382,4.4054600566481582e+02,2.6439912679423596e+00
198412,4.4054600566481582e+02,2.6439912679423596e+00
198442,4.4054600566481582e+02,2.6439912679423596e+00
198472,4.4054600566481582e+02,2.6439912679423596e+00
198502,4.4054600566481582e+02,2.6439912679423596e+00
198532,4.4054600566481582e+02,2.6439912679423596e+00
198562,4.4054600566481582e+02,2.6439912679423596e+00
198592,4.4054600566481582e+02,2.6439912679423596e+00
198622,4.4054600566481582e+02,2.6439912679423596e+00
198652,4.4054600566481582e+02,2.6439912679423596e+00
198682,4.4054600566481582e+02,2.6439912679423596e+00
198712,4.4054600566481582e+02,2.6439912679423596e+00
198742,4.4054600566481582e+02,2.6439912679423596e+00
198772,4.4054600566481582e+02,2.6439912679423596e+00
198802,4.4054600566481582e+02,2.6439912679423596e+00
198832,4.4054600566481582e+02,2.6439912679423596e+00
198862,4.4054600566481582e+02,2.6439912679423596e+00
198892,4.4054600566481582e+02,2.6439912679423596e+00
198922,4.4054600566481582e+02,2.6439912679423596e+00
198952,4.4054600566481582e+02,2.6439912679423596e+00
198982,4.4054600566481582e+02,2.6439912679423596e+00
199012,4.4054600566481582e+02,2.6439912679423596e+00
199042,4.4054600566481582e+02,2.6439912679423596e+00
199072,4.4054600566481582e+02,2.6439912679423596e+00
199102,4.4054600566481582e+02,2.6439912679423596e+00
199132,4.4054600566481582e+02,2.6439912679423596e+00
199162,4.4054600566481582e+02,2.6439912679423596e+00
199192,4.4054600566481582e+02,2.6439912679423596e+00
199222,4.4054600566481582e+02,2.6439912679423596e+00
199252,4.4054600566481582e+02,2.6439912679423596e+00
199282,4.4054600566481582e+02,2.6439912679423596e+00
199312,4.4054600566481582e+02,2.6439912679423596e+00
199342,4.4054600566481582e+02,2.6439912679423596e+00
199372,4.4054600566481582e+02,2.6439912679423596e+00
199402,4.4054600566481582e+02,2.6439912679423596e+00
199432,4.4054600566481582e+02,2.6439912679423596e+00
199462,4.4054600566481582e+02,2.6439912679423596e+00
199492,4.4054600566481582e+02,2.6439912679423596e+00
199522,4.4054600566481582e+02,2.6439912679423596e+00
199552,4.4054600566481582e+02,2.6439912679423596e+00
199582,4.4054600566481582e+02,2.6439912679423596e+00
199612,4.4054600566481582e+02,2.6439912679423596e+00
199642,4.4054600566481582e+02,2.6439912679423596e+00
199672,4.4054600566481582e+02,2.6439912679423596e+00
199702,4.4054600566481582e+02,2.6439912679423596e+00
199732,4.4054600566481582e+02,2.6439912679423596e+00
199762,4.4054600566481582e+02,2.6439912679423596e+00
199792,4.4054600566481582e+02,2.6439912679423596e+00
199822,4.4054600566481582e+02,2.6439912679423596e+00
199852,4.4054600566481582e+02,2.6439912679423596e+00
199881,4.4054600566481582e+02,2.6439912679423596e+00
199910,4.4054600566481582e+02,2.6439912679423596e+00
199939,4.4054600566481582e+02,2.6439912679423596e+00
199968,4.4054600566481582e+02,2.6439912679423596e+00
199997,4.4054600566481582e+02,2.6439912679423596e+00
200026,4.4054600566481582e+02,2.6439912679423596e+00
200055,4.4054600566481582e+02,2.6439912679423596e+00
200084,4.4054600566481582e+02,2.6439912679423596e+00
200113,4.4054600566481582e+02,2.6439912679423596e+00
200142,4.4054600566481582e+02,2.6439912679423596e+00
200171,4.4054600566481582e+02,2.6439912679423596e+00
200200,4.4054600566481582e+02,2.6439912679423596e+00
200229,4.4054600566481582e+02,2.6439912679423596e+00
200258,4.4054600566481582e+02,2.6439912679423596e+00
200287,4.4054600566481582e+02,2.6439912679423596e+00
200316,4.4054600566481582e+02,2.6439912679423596e+00
200345,4.4054600566481582e+02,2.6439912679423596e+00
200374,4.4054600566481582e+02,2.6439912679423596e+00
200403,4.4054600566481582e+02,2.6439912679423596e+00
200432,4.4054600566481582e+02,2.6439912679423596e+00
200461,4.4054600566481582e+02,2.6439912679423596e+00
200490,4.4054600566481582e+02,2.6439912679423596e+00
200519,4.4054600566481582e+02,2.6439912679423596e+00
200548,4.4054600566481582e+02,2.6439912679423596e+00
200577,4.4054600566481582e+02,2.6439912679423596e+00
200606,4.4054600566481582e+02,2.6439912679423596e+00
200635,4.4054600566481582e+02,2.6439912679423596e+00
200664,4.4054600566481582e+02,2.6439912679423596e+00
200693,4.4054600566481582e+02,2.6439912679423596e+00
200722,4.4054600566481582e+02,2.6439912679423596e+00
200751,4.4054600566481582e+02,2.6439912679423596e+00
200780,4.4054600566481582e+02,2.6439912679423596e+00
200809,4.4054600566481582e+02,2.6439912679423596e+00
200838,4.4054600566481582e+02,2.6439912679423596e+00
200867,4.4054600566481582e+02,2.6439912679423596e+00
200896,4.4054600566481582e+02,2.6439912679423596e+00
200925,4.4054600566481582e+02,2.6439912679423596e+00
200954,4.4054600566481582e+02,2.6439912679423596e+00
200983,4.4054600566481582e+02,2.6439912679423596e+00
201012,4.4054600566481582e+02,2.6439912679423596e+00
201041,4.4054600566481582e+02,2.6439912679423596e+00
201070,4.4054600566481582e+02,2.6439912679423596e+00
201099,4.4054600566481582e+02,2.6439912679423596e+00
201128,4.4054600566481582e+02,2.6439912679423596e+00
201157,4.4054600566481582e+02,2.6439912679423596e+00
201186,4.4054600566481582e+02,2.6439912679423596e+00
201215,4.4054600566481582e+02,2.6439912679423596e+00
201244,4.4054600566481582e+02,2.6439912679423596e+00
201273,4.4054600566481582e+02,2.6439912679423596e+00
201302,4.4054600566481582e+02,2.6439912679423596e+00
201331,4.4054600566481582e+02,2.6439912679423596e+00
201360,4.4054600566481582e+02,2.6439912679423596e+00
201389,4.4054600566481582e+02,2.6439912679423596e+00
201418,4.4054600566481582e+02,2.6439912679423596e+00
201447,4.4054600566481582e+02,2.6439912679423596e+00
201476,4.4054600566481582e+02,2.6439912679423596e+00
201505,4.4054600566481582e+02,2.6439912679423596e+00
201534,4.4054600566481582e+02,2.6439912679423596e+00
201563,4.4054600566481582e+02,2.6439912679423596e+00
201592,4.4054600566481582e+02,2.6439912679423596e+00
201621,4.4054600566481582e+02,2.6439912679423596e+00
201650,4.4054600566481582e+02,2.6439912679423596e+00
201679,4.4054600566481582e+02,2.6439912679423596e+00
201708,4.4054600566481582e+02,2.6439912679423596e+00
201737,4.4054600566481582e+02,2.6439912679423596e+00
201766,4.4054600566481582e+02,2.6439912679423596e+00
201795,4.4054600566481582e+02,2.6439912679423596e+00
201824,4.4054600566481582e+02,2.6439912679423596e+00
201853,4.4054600566481582e+02,2.6439912679423596e+00
201882,4.4054600566481582e+02,2.6439912679423596e+00
201911,4.4054600566481582e+02,2.6439912679423596e+00
201940,4.4054600566481582e+02,2.6439912679423596e+00
201969,4.4054600566481582e+02,2.6439912679423596e+00
201998,4.4054600566481582e+02,2.6439912679423596e+00
202027,4.4054600566481582e+02,2.6439912679423596e+00
202056,4.4054600566481582e+02,2.6439912679423596e+00
202085,4.4054600566481582e+02,2.6439912679423596e+00
202114,4.4054600566481582e+02,2.6439912679423596e+00
202143,4.4054600566481582e+02,2.6439912679423596e+00
202172,4.4054600566481582e+02,2.6439912679423596e+00
202201,4.4054600566481582e+02,2.6439912679423596e+00
202230,4.4054600566481582e+02,2.6439912679423596e+00
202259,4.4054600566481582e+02,2.6439912679423596e+00
202288,4.4054600566481582e+02,2.6439912679423596e+00
202317,4.4054600566481582e+02,2.6439912679423596e+00
202346,4.4054600566481582e+02,2.6439912679423596e+00
202375,4.4054600566481582e+02,2.6439912679423596e+00
202404,4.4054600566481582e+02,2.6439912679423596e+00
202433,4.4054600566481582e+02,2.6439912679423596e+00
202462,4.4054600566481582e+02,2.6439912679423596e+00
202491,4.4054600566481582e+02,2.6439912679423596e+00
202520,4.4054600566481582e+02,2.6439912679423596e+00
202549,4.4054600566481582e+02,2.6439912679423596e+00
202578,4.4054600566481582e+02,2.6439912679423596e+00
202607,4.4054600566481582e+02,2.6439912679423596e+00
202636,4.4054600566481582e+02,2.6439912679423596e+00
202665,4.4054600566481582e+02,2.6439912679423596e+00
202693,4.4054600566481582e+02,2.6439912679423596e+00
202721,4.4054600566481582e+02,2.6439912679423596e+00
202749,4.4054600566481582e+02,2.6439912679423596e+00
202777,4.4054600566481582e+02,2.6439912679423596e+00
202805,4.4054600566481582e+02,2.6439912679423596e+00
202833,4.4054600566481582e+02,2.6439912679423596e+00
202861,4.4054600566481582e+02,2.6439912679423596e+00
202889,4.4054600566481582e+02,2.6439912679423596e+00
202917,4.4054600566481582e+02,2.6439912679423596e+00
202945,4.4054600566481582e+02,2.6439912679423596e+00
202973,4.4054600566481582e+02,2.6439912679423596e+00
203001,4.4054600566481582e+02,2.6439912679423596e+00
203029,4.4054600566481582e+02,2.6439912679423596e+00
203057,4.4054600566481582e+02,2.6439912679423596e+00
203085,4.4054600566481582e+02,2.6439912679423596e+00
203113,4.4054600566481582e+02,2.6439912679423596e+00
203141,4.4054600566481582e+02,2.6439912679423596e+00
203169,4.4054600566481582e+02,2.6439912679423596e+00
203197,4.4054600566481582e+02,2.6439912679423596e+00
203225,4.4054600566481582e+02,2.6439912679423596e+00
203253,4.4054600566481582e+02,2.6439912679423596e+00
203281,4.4054600566481582e+02,2.6439912679423596e+00
203309,4.4054600566481582e+02,2.6439912679423596e+00
203337,4.4054600566481582e+02,2.6439912679423596e+00
203365,4.4054600566481582e+02,2.6439912679423596e+00
203393,4.4054600566481582e+02,2.6439912679423596e+00
203421,4.4054600566481582e+02,2.6439912679423596e+00
203449,4.4054600566481582e+02,2.6439912679423596e+00
203477,4.4054600566481582e+02,2.6439912679423596e+00
203505,4.4054600566481582e+02,2.6439912679423596e+00
203533,4.4054600566481582e+02,2.6439912679423596e+00
203561,4.4054600566481582e+02,2.6439912679423596e+00
203589,4.4054600566481582e+02,2.6439912679423596e+00
203617,4.4054600566481582e+02,2.6439912679423596e+00
203645,4.4054600566481582e+02,2.6439912679423596e+00
203673,4.4054600566481582e+02,2.6439912679423596e+00
203701,4.4054600566481582e+02,2.6439912679423596e+00
203729,4.4054600566481582e+02,2.6439912679423596e+00
203757,4.4054600566481582e+02,2.6439912679423596e+00
203785,4.4054600566481582e+02,2.6439912679423596e+00
203813,4.4054600566481582e+02,2.6439912679423596e+00
203841,4.4054600566481582e+02,2.6439912679423596e+00
203869,4.4054600566481582e+02,2.6439912679423596e+00
203897,4.4054600566481582e+02,2.6439912679423596e+00
203925,4.4054600566481582e+02,2.6439912679423596e+00
203953,4.4054600566481582e+02,2.6439912679423596e+00
203981,4.4054600566481582e+02,2.6439912679423596e+00
204009,4.4054600566481582e+02,2.6439912679423596e+00
204037,4.4054600566481582e+02,2.6439912679423596e+00
204065,4.4054600566481582e+02,2.6439912679423596e+00
204093,4.4054600566481582e+02,2.6439912679423596e+00
204121,4.4054600566481582e+02,2.6439912679423596e+00
204149,4.4054600566481582e+02,2.6439912679423596e+00
204177,4.4054600566481582e+02,2.6439912679423596e+00
204205,4.4054600566481582e+02,2.6439912679423596e+00
204233,4.4054600566481582e+02,2.6439912679423596e+00
204261,4.4054600566481582e+02,2.6439912679423596e+00
204289,4.4054600566481582e+02,2.6439912679423596e+00
204317,4.4054600566481582e+02,2.6439912679423596e+00
204345,4.4054600566481582e+02,2.6439912679423596e+00
204373,4.4054600566481582e+02,2.6439912679423596e+00
204401,4.4054600566481582e+02,2.6439912679423596e+00
204429,4.4054600566481582e+02,2.6439912679423596e+00
204457,4.4054600566481582e+02,2.6439912679423596e+00
204485,4.4054600566481582e+02,2.6439912679423596e+00
204513,4.4054600566481582e+02,2.6439912679423596e+00
204541,4.4054600566481582e+02,2.6439912679423596e+00
204569,4.4054600566481582e+02,2.6439912679423596e+00
204597,4.4054600566481582e+02,2.6439912679423596e+00
204625,4.4054600566481582e+02,2.6439912679423596e+00
204653,4.4054600566481582e+02,2.6439912679423596e+00
204681,4.4054600566481582e+02,2.6439912679423596e+00
204709,4.4054600566481582e+02,2.6439912679423596e+00
204737,4.4054600566481582e+02,2.6439912679423596e+00
204765,4.4054600566481582e+02,2.6439912679423596e+00
204793,4.4054600566481582e+02,2.6439912679423596e+00
204821,4.4054600566481582e+02,2.6439912679423596e+00
204849,4.4054600566481582e+02,2.6439912679423596e+00
204877,4.4054600566481582e+02,2.6439912679423596e+00
204905,4.4054600566481582e+02,2.6439912679423596e+00
204933,4.4054600566481582e+02,2.6439912679423596e+00
204961,4.4054600566481582e+02,2.6439912679423596e+00
204989,4.4054600566481582e+02,2.6439912679423596e+00
205017,4.4054600566481582e+02,2.6439912679423596e+00
205045,4.4054600566481582e+02,2.6439912679423596e+00
205073,4.4054600566481582e+02,2.6439912679423596e+00
205101,4.4054600566481582e+02,2.6439912679423596e+00
205129,4.4054600566481582e+02,2.6439912679423596e+00
205157,4.4054600566481582e+02,2.6439912679423596e+00
205185,4.4054600566481582e+02,2.6439912679423596e+00
205213,4.4054600566481582e+02,2.6439912679423596e+00
205241,4.4054600566481582e+02,2.6439912679423596e+00
205269,4.4054600566481582e+02,2.6439912679423596e+00
205297,4.4054600566481582e+02,2.6439912679423596e+00
205325,4.4054600566481582e+02,2.6439912679423596e+00
205353,4.4054600566481582e+02,2.6439912679423596e+00
205381,4.4054600566481582e+02,2.6439912679423596e+00
205409,4.4054600566481582e+02,2.6439912679423596e+00
205437,4.4054600566481582e+02,2.6439912679423596e+00
205465,4.4054600566481582e+02,2.6439912679423596e+00
205493,4.4054600566481582e+02,2.6439912679423596e+00
205521,4.4054600566481582e+02,2.6439912679423596e+00
205548,4.4054600566481582e+02,2.6439912679423596e+00
205575,4.4054600566481582e+02,2.6439912679423596e+00
205602,4.4054600566481582e+02,2.6439912679423596e+00
205629,4.4054600566481582e+02,2.6439912679423596e+00
205656,4.4054600566481582e+02,2.6439912679423596e+00
205683,4.4054600566481582e+02,2.6439912679423596e+00
205710,4.4054600566481582e+02,2.6439912679423596e+00
205737,4.4054600566481582e+02,2.6439912679423596e+00
205764,4.4054600566481582e+02,2.6439912679423596e+00
205791,4.4054600566481582e+02,2.6439912679423596e+00
205818,4.4054600566481582e+02,2.6439912679423596e+00
205845,4.4054600566481582e+02,2.6439912679423596e+00
205872,4.4054600566481582e+02,2.6439912679423596e+00
205899,4.4054600566481582e+02,2.6439912679423596e+00
205926,4.4054600566481582e+02,2.6439912679423596e+00
205953,4.4054600566481582e+02,2.6439912679423596e+00
205980,4.4054600566481582e+02,2.6439912679423596e+00
206007,4.4054600566481582e+02,2.6439912679423596e+00
206034,4.4054600566481582e+02,2.6439912679423596e+00
206061,4.4054600566481582e+02,2.6439912679423596e+00
206088,4.4054600566481582e+02,2.6439912679423596e+00
206115,4.4054600566481582e+02,2.6439912679423596e+00
206142,4.4054600566481582e+02,2.6439912679423596e+00
206169,4.4054600566481582e+02,2.6439912679423596e+00
206196,4.4054600566481582e+02,2.6439912679423596e+00
206223,4.4054600566481582e+02,2.6439912679423596e+00
206250,4.4054600566481582e+02,2.6439912679423596e+00
206277,4.4054600566481582e+02,2.6439912679423596e+00
206304,4.4054600566481582e+02,2.6439912679423596e+00
206331,4.4054600566481582e+02,2.6439912679423596e+00
206358,4.4054600566481582e+02,2.6439912679423596e+00
206385,4.4054600566481582e+02,2.6439912679423596e+00
206412,4.4054600566481582e+02,2.6439912679423596e+00
206439,4.4054600566481582e+02,2.6439912679423596e+00
206466,4.4054600566481582e+02,2.6439912679423596e+00
206493,4.4054600566481582e+02,2.6439912679423596e+00
206520,4.4054600566481582e+02,2.6439912679423596e+00
206547,4.4054600566481582e+02,2.6439912679423596e+00
206574,4.4054600566481582e+02,2.6439912679423596e+00
206601,4.4054600566481582e+02,2.6439912679423596e+00
206628,4.4054600566481582e+02,2.6439912679423596e+00
206655,4.4054600566481582e+02,2.6439912679423596e+00
206682,4.4054600566481582e+02,2.6439912679423596e+00
206709,4.4054600566481582e+02,2.6439912679423596e+00
206736,4.4054600566481582e+02,2.6439912679423596e+00
206763,4.4054600566481582e+02,2.6439912679423596e+00
206790,4.4054600566481582e+02,2.6439912679423596e+00
206817,4.4054600566481582e+02,2.6439912679423596e+00
206844,4.4054600566481582e+02,2.6439912679423596e+00
206871,4.4054600566481582e+02,2.6439912679423596e+00
206898,4.4054600566481582e+02,2.6439912679423596e+00
206925,4.4054600566481582e+02,2.6439912679423596e+00
206952,4.4054600566481582e+02,2.6439912679423596e+00
206979,4.4054600566481582e+02,2.6439912679423596e+00
207006,4.4054600566481582e+02,2.6439912679423596e+00
207033,4.4054600566481582e+02,2.6439912679423596e+00
207060,4.4054600566481582e+02,2.6439912679423596e+00
207087,4.4054600566481582e+02,2.6439912679423596e+00
207114,4.4054600566481582e+02,2.6439912679423596e+00
207141,4.4054600566481582e+02,2.6439912679423596e+00
207168,4.4054600566481582e+02,2.6439912679423596e+00
207195,4.4054600566481582e+02,2.6439912679423596e+00
207222,4.4054600566481582e+02,2.6439912679423596e+00
207249,4.4054600566481582e+02,2.6439912679423596e+00
207276,4.4054600566481582e+02,2.6439912679423596e+00
207303,4.4054600566481582e+02,2.6439912679423596e+00
207330,4.4054600566481582e+02,2.6439912679423596e+00
207357,4.4054600566481582e+02,2.6439912679423596e+00
207384,4.4054600566481582e+02,2.6439912679423596e+00
207411,4.4054600566481582e+02,2.6439912679423596e+00
207438,4.4054600566481582e+02,2.6439912679423596e+00
207465,4.4054600566481582e+02,2.6439912679423596e+00
207492,4.4054600566481582e+02,2.6439912679423596e+00
207519,4.4054600566481582e+02,2.6439912679423596e+00
207546,4.4054600566481582e+02,2.6439912679423596e+00
207573,4.4054600566481582e+02,2.6439912679423596e+00
207600,4.4054600566481582e+02,2.6439912679423596e+00
207627,4.4054600566481582e+02,2.6439912679423596e+00
207654,4.4054600566481582e+02,2.6439912679423596e+00
207681,4.4054600566481582e+02,2.6439912679423596e+00
207708,4.4054600566481582e+02,2.6439912679423596e+00
207735,4.4054600566481582e+02,2.6439912679423596e+00
207762,4.4054600566481582e+02,2.6439912679423596e+00
207789,4.4054600566481582e+02,2.6439912679423596e+00
207816,4.4054600566481582e+02,2.6439912679423596e+00
207843,4.4054600566481582e+02,2.6439912679423596e+00
207870,4.4054600566481582e+02,2.6439912679423596e+00
207897,4.4054600566481582e+02,2.6439912679423596e+00
207924,4.4054600566481582e+02,2.6439912679423596e+00
207951,4.4054600566481582e+02,2.6439912679423596e+00
207978,4.4054600566481582e+02,2.6439912679423596e+00
208005,4.4054600566481582e+02,2.6439912679423596e+00
208032,4.4054600566481582e+02,2.6439912679423596e+00
208059,4.4054600566481582e+02,2.6439912679423596e+00
208086,4.4054600566481582e+02,2.6439912679423596e+00
208113,4.4054600566481582e+02,2.6439912679423596e+00
208140,4.4054600566481582e+02,2.6439912679423596e+00
208167,4.4054600566481582e+02,2.6439912679423596e+00
208194,4.4054600566481582e+02,2.6439912679423596e+00
208221,4.4054600566481582e+02,2.6439912679423596e+00
208248,4.4054600566481582e+02,2.6439912679423596e+00
208275,4.4054600566481582e+02,2.6439912679423596e+00
208302,4.4054600566481582e+02,2.6439912679423596e+00
208329,4.4054600566481582e+02,2.6439912679423596e+00
208356,4.4054600566481582e+02,2.6439912679423596e+00
208383,4.4054600566481582e+02,2.6439912679423596e+00
208410,4.4054600566481582e+02,2.6439912679423596e+00
208437,4.4054600566481582e+02,2.6439912679423596e+00
208464,4.4054600566481582e+02,2.6439912679423596e+00
208491,4.4054600566481582e+02,2.6439912679423596e+00
208517,4.4054600566481582e+02,2.6439912679423596e+00
208543,4.4054600566481582e+02,2.6439912679423596e+00
208569,4.4054600566481582e+02,2.6439912679423596e+00
208595,4.4054600566481582e+02,2.6439912679423596e+00
208621,4.4054600566481582e+02,2.6439912679423596e+00
208647,4.4054600566481582e+02,2.6439912679423596e+00
208673,4.4054600566481582e+02,2.6439912679423596e+00
208699,4.4054600566481582e+02,2.6439912679423596e+00
208725,4.4054600566481582e+02,2.6439912679423596e+00
208751,4.4054600566481582e+02,2.6439912679423596e+00
208777,4.4054600566481582e+02,2.6439912679423596e+00
208803,4.4054600566481582e+02,2.6439912679423596e+00
208829,4.4054600566481582e+02,2.6439912679423596e+00
208855,4.4054600566481582e+02,2.6439912679423596e+00
208881,4.4054600566481582e+02,2.6439912679423596e+00
208907,4.4054600566481582e+02,2.6439912679423596e+00
208933,4.4054600566481582e+02,2.6439912679423596e+00
208959,4.4054600566481582e+02,2.6439912679423596e+00
208985,4.4054600566481582e+02,2.6439912679423596e+00
209011,4.4054600566481582e+02,2.6439912679423596e+00
209037,4.4054600566481582e+02,2.6439912679423596e+00
209063,4.4054600566481582e+02,2.6439912679423596e+00
209089,4.4054600566481582e+02,2.6439912679423596e+00
209115,4.4054600566481582e+02,2.6439912679423596e+00
209141,4.4054600566481582e+02,2.6439912679423596e+00
209167,4.4054600566481582e+02,2.6439912679423596e+00
209193,4.4054600566481582e+02,2.6439912679423596e+00
209219,4.4054600566481582e+02,2.6439912679423596e+00
209245,4.4054600566481582e+02,2.6439912679423596e+00
209271,4.4054600566481582e+02,2.6439912679423596e+00
209297,4.4054600566481582e+02,2.6439912679423596e+00
209323,4.4054600566481582e+02,2.6439912679423596e+00
209349,4.4054600566481582e+02,2.6439912679423596e+00
209375,4.4054600566481582e+02,2.6439912679423596e+00
209401,4.4054600566481582e+02,2.6439912679423596e+00
209427,4.4054600566481582e+02,2.6439912679423596e+00
209453,4.4054600566481582e+02,2.6439912679423596e+00
209479,4.4054600566481582e+02,2.6439912679423596e+00
209505,4.4054600566481582e+02,2.6439912679423596e+00
209531,4.4054600566481582e+02,2.6439912679423596e+00
209557,4.4054600566481582e+02,2.6439912679423596e+00
209583,4.4054600566481582e+02,2.6439912679423596e+00
209609,4.4054600566481582e+02,2.6439912679423596e+00
209635,4.4054600566481582e+02,2.6439912679423596e+00
209661,4.4054600566481582e+02,2.6439912679423596e+00
209687,4.4054600566481582e+02,2.6439912679423596e+00
209713,4.4054600566481582e+02,2.6439912679423596e+00
209739,4.4054600566481582e+02,2.6439912679423596e+00
209765,4.4054600566481582e+02,2.6439912679423596e+00
209791,4.4054600566481582e+02,2.6439912679423596e+00
209817,4.4054600566481582e+02,2.6439912679423596e+00
209843,4.4054600566481582e+02,2.6439912679423596e+00
209869,4.4054600566481582e+02,2.6439912679423596e+00
209895,4.4054600566481582e+02,2.6439912679423596e+00
209921,4.4054600566481582e+02,2.6439912679423596e+00
209947,4.4054600566481582e+02,2.6439912679423596e+00
209973,4.4054600566481582e+02,2.6439912679423596e+00
209999,4.4054600566481582e+02,2.6439912679423596e+00
210025,4.4054600566481582e+02,2.6439912679423596e+00
210051,4.4054600566481582e+02,2.6439912679423596e+00
210077,4.4054600566481582e+02,2.6439912679423596e+00
210103,4.4054600566481582e+02,2.6439912679423596e+00
210129,4.4054600566481582e+02,2.6439912679423596e+00
210155,4.4054600566481582e+02,2.6439912679423596e+00
210181,4.4054600566481582e+02,2.6439912679423596e+00
210207,4.4054600566481582e+02,2.6439912679423596e+00
210233,4.4054600566481582e+02,2.6439912679423596e+00
210259,4.4054600566481582e+02,2.6439912679423596e+00
210285,4.4054600566481582e+02,2.6439912679423596e+00
210311,4.4054600566481582e+02,2.6439912679423596e+00
210337,4.4054600566481582e+02,2.6439912679423596e+00
210363,4.4054600566481582e+02,2.6439912679423596e+00
210389,4.4054600566481582e+02,2.6439912679423596e+00
210415,4.4054600566481582e+02,2.6439912679423596e+00
210441,4.4054600566481582e+02,2.6439912679423596e+00
210467,4.4054600566481582e+02,2.6439912679423596e+00
210493,4.4054600566481582e+02,2.6439912679423596e+00
210519,4.4054600566481582e+02,2.6439912679423596e+00
210545,4.4054600566481582e+02,2.6439912679423596e+00
210571,4.4054600566481582e+02,2.6439912679423596e+00
210597,4.4054600566481582e+02,2.6439912679423596e+00
210623,4.4054600566481582e+02,2.6439912679423596e+00
210649,4.4054600566481582e+02,2.6439912679423596e+00
210675,4.4054600566481582e+02,2.6439912679423596e+00
210701,4.4054600566481582e+02,2.6439912679423596e+00
210727,4.4054600566481582e+02,2.6439912679423596e+00
210753,4.4054600566481582e+02,2.6439912679423596e+00
210779,4.4054600566481582e+02,2.6439912679423596e+00
210805,4.4054600566481582e+02,2.6439912679423596e+00
210831,4.4054600566481582e+02,2.6439912679423596e+00
210857,4.4054600566481582e+02,2.6439912679423596e+00
210883,4.4054600566481582e+02,2.6439912679423596e+00
210909,4.4054600566481582e+02,2.6439912679423596e+00
210935,4.4054600566481582e+02,2.6439912679423596e+00
210961,4.4054600566481582e+02,2.6439912679423596e+00
210987,4.4054600566481582e+02,2.6439912679423596e+00
211013,4.4054600566481582e+02,2.6439912679423596e+00
211039,4.4054600566481582e+02,2.6439912679423596e+00
211065,4.4054600566481582e+02,2.6439912679423596e+00
211091,4.4054600566481582e+02,2.6439912679423596e+00
211117,4.4054600566481582e+02,2.6439912679423596e+00
211143,4.4054600566481582e+02,2.6439912679423596e+00
211169,4.4054600566481582e+02,2.6439912679423596e+00
211195,4.4054600566481582e+02,2.6439912679423596e+00
211221,4.4054600566481582e+02,2.6439912679423596e+00
211247,4.4054600566481582e+02,2.6439912679423596e+00
211273,4.4054600566481582e+02,2.6439912679423596e+00
211299,4.4054600566481582e+02,2.6439912679423596e+00
211325,4.4054600566481582e+02,2.6439912679423596e+00
211351,4.4054600566481582e+02,2.6439912679423596e+00
211377,4.4054600566481582e+02,2.6439912679423596e+00
211403,4.4054600566481582e+02,2.6439912679423596e+00
211429,4.4054600566481582e+02,2.6439912679423596e+00
211455,4.4054600566481582e+02,2.6439912679423596e+00
211481,4.4054600566481582e+02,2.6439912679423596e+00
211507,4.4054600566481582e+02,2.6439912679423596e+00
211533,4.4054600566481582e+02,2.6439912679423596e+00
211559,4.4054600566481582e+02,2.6439912679423596e+00
211585,4.4054600566481582e+02,2.6439912679423596e+00
211610,4.4054600566481582e+02,2.6439912679423596e+00
211635,4.4054600566481582e+02,2.6439912679423596e+00
211660,4.4054600566481582e+02,2.6439912679423596e+00
211685,4.4054600566481582e+02,2.6439912679423596e+00
211710,4.4054600566481582e+02,2.6439912679423596e+00
211735,4.4054600566481582e+02,2.6439912679423596e+00
211760,4.4054600566481582e+02,2.6439912679423596e+00
211785,4.4054600566481582e+02,2.6439912679423596e+00
211810,4.4054600566481582e+02,2.6439912679423596e+00
211835,4.4054600566481582e+02,2.6439912679423596e+00
211860,4.4054600566481582e+02,2.6439912679423596e+00
211885,4.4054600566481582e+02,2.6439912679423596e+00
211910,4.4054600566481582e+02,2.6439912679423596e+00
211935,4.4054600566481582e+02,2.6439912679423596e+00
211960,4.4054600566481582e+02,2.6439912679423596e+00
211985,4.4054600566481582e+02,2.6439912679423596e+00
212010,4.4054600566481582e+02,2.6439912679423596e+00
212035,4.4054600566481582e+02,2.6439912679423596e+00
212060,4.4054600566481582e+02,2.6439912679423596e+00
212085,4.4054600566481582e+02,2.6439912679423596e+00
212110,4.4054600566481582e+02,2.6439912679423596e+00
212135,4.4054600566481582e+02,2.6439912679423596e+00
212160,4.4054600566481582e+02,2.6439912679423596e+00
212185,4.4054600566481582e+02,2.6439912679423596e+00
212210,4.4054600566481582e+02,2.6439912679423596e+00
212235,4.4054600566481582e+02,2.6439912679423596e+00
212260,4.4054600566481582e+02,2.6439912679423596e+00
212285,4.4054600566481582e+02,2.6439912679423596e+00
212310,4.4054600566481582e+02,2.6439912679423596e+00
212335,4.4054600566481582e+02,2.6439912679423596e+00
212360,4.4054600566481582e+02,2.6439912679423596e+00
212385,4.4054600566481582e+02,2.6439912679423596e+00
212410,4.4054600566481582e+02,2.6439912679423596e+00
212435,4.4054600566481582e+02,2.6439912679423596e+00
212460,4.4054600566481582e+02,2.6439912679423596e+00
212485,4.4054600566481582e+02,2.6439912679423596e+00
212510,4.4054600566481582e+02,2.6439912679423596e+00
212535,4.4054600566481582e+02,2.6439912679423596e+00
212560,4.4054600566481582e+02,2.6439912679423596e+00
212585,4.4054600566481582e+02,2.6439912679423596e+00
212610,4.4054600566481582e+02,2.6439912679423596e+00
212635,4.4054600566481582e+02,2.6439912679423596e+00
212660,4.4054600566481582e+02,2.6439912679423596e+00
212685,4.4054600566481582e+02,2.6439912679423596e+00
212710,4.4054600566481582e+02,2.6439912679423596e+00
212735,4.4054600566481582e+02,2.6439912679423596e+00
212760,4.4054600566481582e+02,2.6439912679423596e+00
212785,4.4054600566481582e+02,2.6439912679423596e+00
212810,4.4054600566481582e+02,2.6439912679423596e+00
212835,4.4054600566481582e+02,2.6439912679423596e+00
212860,4.4054600566481582e+02,2.6439912679423596e+00
212885,4.4054600566481582e+02,2.6439912679423596e+00
212910,4.4054600566481582e+02,2.6439912679423596e+00
212935,4.4054600566481582e+02,2.6439912679423596e+00
212960,4.4054600566481582e+02,2.6439912679423596e+00
212985,4.4054600566481582e+02,2.6439912679423596e+00
213010,4.4054600566481582e+02,2.6439912679423596e+00
213035,4.4054600566481582e+02,2.6439912679423596e+00
213060,4.4054600566481582e+02,2.6439912679423596e+00
213085,4.4054600566481582e+02,2.6439912679423596e+00
213110,4.4054600566481582e+02,2.6439912679423596e+00
213135,4.4054600566481582e+02,2.6439912679423596e+00
213160,4.4054600566481582e+02,2.6439912679423596e+00
213185,4.4054600566481582e+02,2.6439912679423596e+00
213210,4.4054600566481582e+02,2.6439912679423596e+00
213235,4.4054600566481582e+02,2.6439912679423596e+00
213260,4.4054600566481582e+02,2.6439912679423596e+00
213285,4.4054600566481582e+02,2.6439912679423596e+00
213310,4.4054600566481582e+02,2.6439912679423596e+00
213335,4.4054600566481582e+02,2.6439912679423596e+00
213360,4.4054600566481582e+02,2.6439912679423596e+00
213385,4.4054600566481582e+02,2.6439912679423596e+00
213410,4.4054600566481582e+02,2.6439912679423596e+00
213435,4.4054600566481582e+02,2.6439912679423596e+00
213460,4.4054600566481582e+02,2.6439912679423596e+00
213485,4.4054600566481582e+02,2.6439912679423596e+00
213510,4.4054600566481582e+02,2.6439912679423596e+00
213535,4.4054600566481582e+02,2.6439912679423596e+00
213560,4.4054600566481582e+02,2.6439912679423596e+00
213585,4.4054600566481582e+02,2.6439912679423596e+00
213610,4.4054600566481582e+02,2.6439912679423596e+00
213635,4.4054600566481582e+02,2.6439912679423596e+00
213660,4.4054600566481582e+02,2.6439912679423596e+00
213685,4.4054600566481582e+02,2.6439912679423596e+00
213710,4.4054600566481582e+02,2.6439912679423596e+00
213735,4.4054600566481582e+02,2.6439912679423596e+00
213760,4.4054600566481582e+02,2.6439912679423596e+00
213785,4.4054600566481582e+02,2.6439912679423596e+00
213810,4.4054600566481582e+02,2.6439912679423596e+00
213835,4.4054600566481582e+02,2.6439912679423596e+00
213860,4.4054600566481582e+02,2.6439912679423596e+00
213885,4.4054600566481582e+02,2.6439912679423596e+00
213910,4.4054600566481582e+02,2.6439912679423596e+00
213935,4.4054600566481582e+02,2.6439912679423596e+00
213960,4.4054600566481582e+02,2.6439912679423596e+00
213985,4.4054600566481582e+02,2.6439912679423596e+00
214010,4.4054600566481582e+02,2.6439912679423596e+00
214035,4.4054600566481582e+02,2.6439912679423596e+00
214060,4.4054600566481582e+02,2.6439912679423596e+00
214085,4.4054600566481582e+02,2.6439912679423596e+00
214110,4.4054600566481582e+02,2.6439912679423596e+00
214135,4.4054600566481582e+02,2.6439912679423596e+00
214160,4.4054600566481582e+02,2.6439912679423596e+00
214185,4.4054600566481582e+02,2.6439912679423596e+00
214210,4.4054600566481582e+02,2.6439912679423596e+00
214235,4.4054600566481582e+02,2.6439912679423596e+00
214260,4.4054600566481582e+02,2.6439912679423596e+00
214285,4.4054600566481582e+02,2.6439912679423596e+00
214310,4.4054600566481582e+02,2.6439912679423596e+00
214335,4.4054600566481582e+02,2.6439912679423596e+00
214360,4.4054600566481582e+02,2.6439912679423596e+00
214385,4.4054600566481582e+02,2.6439912679423596e+00
214410,4.4054600566481582e+02,2.6439912679423596e+00
214435,4.4054600566481582e+02,2.6439912679423596e+00
214460,4.4054600566481582e+02,2.6439912679423596e+00
214485,4.4054600566481582e+02,2.6439912679423596e+00
214510,4.4054600566481582e+02,2.6439912679423596e+00
214535,4.4054600566481582e+02,2.6439912679423596e+00
214560,4.4054600566481582e+02,2.6439912679423596e+00
214585,4.4054600566481582e+02,2.6439912679423596e+00
214610,4.4054600566481582e+02,2.6439912679423596e+00
214635,4.4054600566481582e+02,2.6439912679423596e+00
214660,4.4054600566481582e+02,2.6439912679423596e+00
214685,4.4054600566481582e+02,2.6439912679423596e+00
214710,4.4054600566481582e+02,2.6439912679423596e+00
214735,4.4054600566481582e+02,2.6439912679423596e+00
214760,4.4054600566481582e+02,2.6439912679423596e+00
214785,4.4054600566481582e+02,2.6439912679423596e+00
214809,4.4054600566481582e+02,2.6439912679423596e+00
214833,4.4054600566481582e+02,2.6439912679423596e+00
214857,4.4054600566481582e+02,2.6439912679423596e+00
214881,4.4054600566481582e+02,2.6439912679423596e+00
214905,4.4054600566481582e+02,2.6439912679423596e+00
214929,4.4054600566481582e+02,2.6439912679423596e+00
214953,4.4054600566481582e+02,2.6439912679423596e+00
214977,4.4054600566481582e+02,2.6439912679423596e+00
215001,4.4054600566481582e+02,2.6439912679423596e+00
215025,4.4054600566481582e+02,2.6439912679423596e+00
215049,4.4054600566481582e+02,2.6439912679423596e+00
215073,4.4054600566481582e+02,2.6439912679423596e+00
215097,4.4054600566481582e+02,2.6439912679423596e+00
215121,4.4054600566481582e+02,2.6439912679423596e+00
215145,4.4054600566481582e+02,2.6439912679423596e+00
215169,4.4054600566481582e+02,2.6439912679423596e+00
215193,4.4054600566481582e+02,2.6439912679423596e+00
215217,4.4054600566481582e+02,2.6439912679423596e+00
215241,4.4054600566481582e+02,2.6439912679423596e+00
215265,4.4054600566481582e+02,2.6439912679423596e+00
215289,4.4054600566481582e+02,2.6439912679423596e+00
215313,4.4054600566481582e+02,2.6439912679423596e+00
215337,4.4054600566481582e+02,2.6439912679423596e+00
215361,4.4054600566481582e+02,2.6439912679423596e+00
215385,4.4054600566481582e+02,2.6439912679423596e+00
215409,4.4054600566481582e+02,2.6439912679423596e+00
215433,4.4054600566481582e+02,2.6439912679423596e+00
215457,4.4054600566481582e+02,2.6439912679423596e+00
215481,4.4054600566481582e+02,2.6439912679423596e+00
215505,4.4054600566481582e+02,2.6439912679423596e+00
215529,4.4054600566481582e+02,2.6439912679423596e+00
215553,4.4054600566481582e+02,2.6439912679423596e+00
215577,4.4054600566481582e+02,2.6439912679423596e+00
215601,4.4054600566481582e+02,2.6439912679423596e+00
215625,4.4054600566481582e+02,2.6439912679423596e+00
215649,4.4054600566481582e+02,2.6439912679423596e+00
215673,4.4054600566481582e+02,2.6439912679423596e+00
215697,4.4054600566481582e+02,2.6439912679423596e+00
215721,4.4054600566481582e+02,2.6439912679423596e+00
215745,4.4054600566481582e+02,2.6439912679423596e+00
215769,4.4054600566481582e+02,2.6439912679423596e+00
215793,4.4054600566481582e+02,2.6439912679423596e+00
215817,4.4054600566481582e+02,2.6439912679423596e+00
215841,4.4054600566481582e+02,2.6439912679423596e+00
215865,4.4054600566481582e+02,2.6439912679423596e+00
215889,4.4054600566481582e+02,2.6439912679423596e+00
215913,4.4054600566481582e+02,2.6439912679423596e+00
215937,4.4054600566481582e+02,2.6439912679423596e+00
215961,4.4054600566481582e+02,2.6439912679423596e+00
215985,4.4054600566481582e+02,2.6439912679423596e+00
216009,4.4054600566481582e+02,2.6439912679423596e+00
216033,4.4054600566481582e+02,2.6439912679423596e+00
216057,4.4054600566481582e+02,2.6439912679423596e+00
216081,4.4054600566481582e+02,2.6439912679423596e+00
216105,4.4054600566481582e+02,2.6439912679423596e+00
216129,4.4054600566481582e+02,2.6439912679423596e+00
216153,4.4054600566481582e+02,2.6439912679423596e+00
216177,4.4054600566481582e+02,2.6439912679423596e+00
216201,4.4054600566481582e+02,2.6439912679423596e+00
216225,4.4054600566481582e+02,2.6439912679423596e+00
216249,4.4054600566481582e+02,2.6439912679423596e+00
216273,4.4054600566481582e+02,2.6439912679423596e+00
216297,4.4054600566481582e+02,2.6439912679423596e+00
216321,4.4054600566481582e+02,2.6439912679423596e+00
216345,4.4054600566481582e+02,2.6439912679423596e+00
216369,4.4054600566481582e+02,2.6439912679423596e+00
216393,4.4054600566481582e+02,2.6439912679423596e+00
216417,4.4054600566481582e+02,2.6439912679423596e+00
216441,4.4054600566481582e+02,2.6439912679423596e+00
216465,4.4054600566481582e+02,2.6439912679423596e+00
216489,4.4054600566481582e+02,2.6439912679423596e+00
216513,4.4054600566481582e+02,2.6439912679423596e+00
216537,4.4054600566481582e+02,2.6439912679423596e+00
216561,4.4054600566481582e+02,2.6439912679423596e+00
216585,4.4054600566481582e+02,2.6439912679423596e+00
216609,4.4054600566481582e+02,2.6439912679423596e+00
216633,4.4054600566481582e+02,2.6439912679423596e+00
216657,4.4054600566481582e+02,2.6439912679423596e+00
216681,4.4054600566481582e+02,2.6439912679423596e+00
216705,4.4054600566481582e+02,2.6439912679423596e+00
216729,4.4054600566481582e+02,2.6439912679423596e+00
216753,4.4054600566481582e+02,2.6439912679423596e+00
216777,4.4054600566481582e+02,2.6439912679423596e+00
216801,4.4054600566481582e+02,2.6439912679423596e+00
216825,4.4054600566481582e+02,2.6439912679423596e+00
216849,4.4054600566481582e+02,2.6439912679423596e+00
216873,4.4054600566481582e+02,2.6439912679423596e+00
216897,4.4054600566481582e+02,2.6439912679423596e+00
216921,4.4054600566481582e+02,2.6439912679423596e+00
216945,4.4054600566481582e+02,2.6439912679423596e+00
216969,4.4054600566481582e+02,2.6439912679423596e+00
216993,4.4054600566481582e+02,2.6439912679423596e+00
217017,4.4054600566481582e+02,2.6439912679423596e+00
217041,4.4054600566481582e+02,2.6439912679423596e+00
217065,4.4054600566481582e+02,2.6439912679423596e+00
217089,4.4054600566481582e+02,2.6439912679423596e+00
217113,4.4054600566481582e+02,2.6439912679423596e+00
217137,4.4054600566481582e+02,2.6439912679423596e+00
217161,4.4054600566481582e+02,2.6439912679423596e+00
217185,4.4054600566481582e+02,2.6439912679423596e+00
217209,4.4054600566481582e+02,2.6439912679423596e+00
217233,4.4054600566481582e+02,2.6439912679423596e+00
217257,4.4054600566481582e+02,2.6439912679423596e+00
217281,4.4054600566481582e+02,2.6439912679423596e+00
217305,4.4054600566481582e+02,2.6439912679423596e+00
217329,4.4054600566481582e+02,2.6439912679423596e+00
217353,4.4054600566481582e+02,2.6439912679423596e+00
217377,4.4054600566481582e+02,2.6439912679423596e+00
217401,4.4054600566481582e+02,2.6439912679423596e+00
217425,4.4054600566481582e+02,2.6439912679423596e+00
217449,4.4054600566481582e+02,2.6439912679423596e+00
217473,4.4054600566481582e+02,2.6439912679423596e+00
217497,4.4054600566481582e+02,2.6439912679423596e+00
217521,4.4054600566481582e+02,2.6439912679423596e+00
217545,4.4054600566481582e+02,2.6439912679423596e+00
217569,4.4054600566481582e+02,2.6439912679423596e+00
217593,4.4054600566481582e+02,2.6439912679423596e+00
217617,4.4054600566481582e+02,2.6439912679423596e+00
217641,4.4054600566481582e+02,2.6439912679423596e+00
217665,4.4054600566481582e+02,2.6439912679423596e+00
217689,4.4054600566481582e+02,2.6439912679423596e+00
217713,4.4054600566481582e+02,2.6439912679423596e+00
217737,4.4054600566481582e+02,2.6439912679423596e+00
217761,4.4054600566481582e+02,2.6439912679423596e+00
217785,4.4054600566481582e+02,2.6439912679423596e+00
217809,4.4054600566481582e+02,2.6439912679423596e+00
217833,4.4054600566481582e+02,2.6439912679423596e+00
217857,4.4054600566481582e+02,2.6439912679423596e+00
217881,4.4054600566481582e+02,2.6439912679423596e+00
217905,4.4054600566481582e+02,2.6439912679423596e+00
217929,4.4054600566481582e+02,2.6439912679423596e+00
217953,4.4054600566481582e+02,2.6439912679423596e+00
217977,4.4054600566481582e+02,2.6439912679423596e+00
218001,4.4054600566481582e+02,2.6439912679423596e+00
218025,4.4054600566481582e+02,2.6439912679423596e+00
218049,4.4054600566481582e+02,2.6439912679423596e+00
218073,4.4054600566481582e+02,2.6439912679423596e+00
218097,4.4054600566481582e+02,2.6439912679423596e+00
218121,4.4054600566481582e+02,2.6439912679423596e+00
218144,4.4054600566481582e+02,2.6439912679423596e+00
218167,4.4054600566481582e+02,2.6439912679423596e+00
218190,4.4054600566481582e+02,2.6439912679423596e+00
218213,4.4054600566481582e+02,2.6439912679423596e+00
218236,4.4054600566481582e+02,2.6439912679423596e+00
218259,4.4054600566481582e+02,2.6439912679423596e+00
218282,4.4054600566481582e+02,2.6439912679423596e+00
218305,4.4054600566481582e+02,2.6439912679423596e+00
218328,4.4054600566481582e+02,2.6439912679423596e+00
218351,4.4054600566481582e+02,2.6439912679423596e+00
218374,4.4054600566481582e+02,2.6439912679423596e+00
218397,4.4054600566481582e+02,2.6439912679423596e+00
218420,4.4054600566481582e+02,2.6439912679423596e+00
218443,4.4054600566481582e+02,2.6439912679423596e+00
218466,4.4054600566481582e+02,2.6439912679423596e+00
218489,4.4054600566481582e+02,2.6439912679423596e+00
218512,4.4054600566481582e+02,2.6439912679423596e+00
218535,4.4054600566481582e+02,2.6439912679423596e+00
218558,4.4054600566481582e+02,2.6439912679423596e+00
218581,4.4054600566481582e+02,2.6439912679423596e+00
218604,4.4054600566481582e+02,2.6439912679423596e+00
218627,4.4054600566481582e+02,2.6439912679423596e+00
218650,4.4054600566481582e+02,2.6439912679423596e+00
218673,4.4054600566481582e+02,2.6439912679423596e+00
218696,4.4054600566481582e+02,2.6439912679423596e+00
218719,4.4054600566481582e+02,2.6439912679423596e+00
218742,4.4054600566481582e+02,2.6439912679423596e+00
218765,4.4054600566481582e+02,2.6439912679423596e+00
218788,4.4054600566481582e+02,2.6439912679423596e+00
218811,4.4054600566481582e+02,2.6439912679423596e+00
218834,4.4054600566481582e+02,2.6439912679423596e+00
218857,4.4054600566481582e+02,2.6439912679423596e+00
218880,4.4054600566481582e+02,2.6439912679423596e+00
218903,4.4054600566481582e+02,2.6439912679423596e+00
218926,4.4054600566481582e+02,2.6439912679423596e+00
218949,4.4054600566481582e+02,2.6439912679423596e+00
218972,4.4054600566481582e+02,2.6439912679423596e+00
218995,4.4054600566481582e+02,2.6439912679423596e+00
219018,4.4054600566481582e+02,2.6439912679423596e+00
219041,4.4054600566481582e+02,2.6439912679423596e+00
219064,4.4054600566481582e+02,2.6439912679423596e+00
219087,4.4054600566481582e+02,2.6439912679423596e+00
219110,4.4054600566481582e+02,2.6439912679423596e+00
219133,4.4054600566481582e+02,2.6439912679423596e+00
219156,4.4054600566481582e+02,2.6439912679423596e+00
219179,4.4054600566481582e+02,2.6439912679423596e+00
219202,4.4054600566481582e+02,2.6439912679423596e+00
219225,4.4054600566481582e+02,2.6439912679423596e+00
219248,4.4054600566481582e+02,2.6439912679423596e+00
219271,4.4054600566481582e+02,2.6439912679423596e+00
219294,4.4054600566481582e+02,2.6439912679423596e+00
219317,4.4054600566481582e+02,2.6439912679423596e+00
219340,4.4054600566481582e+02,2.6439912679423596e+00
219363,4.4054600566481582e+02,2.6439912679423596e+00
219386,4.4054600566481582e+02,2.6439912679423596e+00
219409,4.4054600566481582e+02,2.6439912679423596e+00
219432,4.4054600566481582e+02,2.6439912679423596e+00
219455,4.4054600566481582e+02,2.6439912679423596e+00
219478,4.4054600566481582e+02,2.6439912679423596e+00
219501,4.4054600566481582e+02,2.6439912679423596e+00
219524,4.4054600566481582e+02,2.6439912679423596e+00
219547,4.4054600566481582e+02,2.6439912679423596e+00
219570,4.4054600566481582e+02,2.6439912679423596e+00
219593,4.4054600566481582e+02,2.6439912679423596e+00
219616,4.4054600566481582e+02,2.6439912679423596e+00
219639,4.4054600566481582e+02,2.6439912679423596e+00
219662,4.4054600566481582e+02,2.6439912679423596e+00
219685,4.4054600566481582e+02,2.6439912679423596e+00
219708,4.4054600566481582e+02,2.6439912679423596e+00
219731,4.4054600566481582e+02,2.6439912679423596e+00
219754,4.4054600566481582e+02,2.6439912679423596e+00
219777,4.4054600566481582e+02,2.6439912679423596e+00
219800,4.4054600566481582e+02,2.6439912679423596e+00
219823,4.4054600566481582e+02,2.6439912679423596e+00
219846,4.4054600566481582e+02,2.6439912679423596e+00
219869,4.4054600566481582e+02,2.6439912679423596e+00
219892,4.4054600566481582e+02,2.6439912679423596e+00
219915,4.4054600566481582e+02,2.6439912679423596e+00
219938,4.4054600566481582e+02,2.6439912679423596e+00
219961,4.4054600566481582e+02,2.6439912679423596e+00
219984,4.4054600566481582e+02,2.6439912679423596e+00
220007,4.4054600566481582e+02,2.6439912679423596e+00
220030,4.4054600566481582e+02,2.6439912679423596e+00
220053,4.4054600566481582e+02,2.6439912679423596e+00
220076,4.4054600566481582e+02,2.6439912679423596e+00
220099,4.4054600566481582e+02,2.6439912679423596e+00
220122,4.4054600566481582e+02,2.6439912679423596e+00
220145,4.4054600566481582e+02,2.6439912679423596e+00
220168,4.4054600566481582e+02,2.6439912679423596e+00
220191,4.4054600566481582e+02,2.6439912679423596e+00
220214,4.4054600566481582e+02,2.6439912679423596e+00
220237,4.4054600566481582e+02,2.6439912679423596e+00
220260,4.4054600566481582e+02,2.6439912679423596e+00
220283,4.4054600566481582e+02,2.6439912679423596e+00
220306,4.4054600566481582e+02,2.6439912679423596e+00
220329,4.4054600566481582e+02,2.6439912679423596e+00
220352,4.4054600566481582e+02,2.6439912679423596e+00
220375,4.4054600566481582e+02,2.6439912679423596e+00
220398,4.4054600566481582e+02,2.6439912679423596e+00
220421,4.4054600566481582e+02,2.6439912679423596e+00
220444,4.4054600566481582e+02,2.6439912679423596e+00
220467,4.4054600566481582e+02,2.6439912679423596e+00
220490,4.4054600566481582e+02,2.6439912679423596e+00
220513,4.4054600566481582e+02,2.6439912679423596e+00
220536,4.4054600566481582e+02,2.6439912679423596e+00
220559,4.4054600566481582e+02,2.6439912679423596e+00
220582,4.4054600566481582e+02,2.6439912679423596e+00
220605,4.4054600566481582e+02,2.6439912679423596e+00
220628,4.4054600566481582e+02,2.6439912679423596e+00
220651,4.4054600566481582e+02,2.6439912679423596e+00
220674,4.4054600566481582e+02,2.6439912679423596e+00
220697,4.4054600566481582e+02,2.6439912679423596e+00
220720,4.4054600566481582e+02,2.6439912679423596e+00
220743,4.4054600566481582e+02,2.6439912679423596e+00
220766,4.4054600566481582e+02,2.6439912679423596e+00
220789,4.4054600566481582e+02,2.6439912679423596e+00
220812,4.4054600566481582e+02,2.6439912679423596e+00
220835,4.4054600566481582e+02,2.6439912679423596e+00
220858,4.4054600566481582e+02,2.6439912679423596e+00
220881,4.4054600566481582e+02,2.6439912679423596e+00
220904,4.4054600566481582e+02,2.6439912679423596e+00
220927,4.4054600566481582e+02,2.6439912679423596e+00
220950,4.4054600566481582e+02,2.6439912679423596e+00
220973,4.4054600566481582e+02,2.6439912679423596e+00
220996,4.4054600566481582e+02,2.6439912679423596e+00
221019,4.4054600566481582e+02,2.6439912679423596e+00
221042,4.4054600566481582e+02,2.6439912679423596e+00
221065,4.4054600566481582e+02,2.6439912679423596e+00
221088,4.4054600566481582e+02,2.6439912679423596e+00
221111,4.4054600566481582e+02,2.6439912679423596e+00
221134,4.4054600566481582e+02,2.6439912679423596e+00
221157,4.4054600566481582e+02,2.6439912679423596e+00
221180,4.4054600566481582e+02,2.6439912679423596e+00
221203,4.4054600566481582e+02,2.6439912679423596e+00
221226,4.4054600566481582e+02,2.6439912679423596e+00
221249,4.4054600566481582e+02,2.6439912679423596e+00
221272,4.4054600566481582e+02,2.6439912679423596e+00
221295,4.4054600566481582e+02,2.6439912679423596e+00
221318,4.4054600566481582e+02,2.6439912679423596e+00
221341,4.4054600566481582e+02,2.6439912679423596e+00
221364,4.4054600566481582e+02,2.6439912679423596e+00
221387,4.4054600566481582e+02,2.6439912679423596e+00
221410,4.4054600566481582e+02,2.6439912679423596e+00
221433,4.4054600566481582e+02,2.6439912679423596e+00
221456,4.4054600566481582e+02,2.6439912679423596e+00
221479,4.4054600566481582e+02,2.6439912679423596e+00
221502,4.4054600566481582e+02,2.6439912679423596e+00
221525,4.4054600566481582e+02,2.6439912679423596e+00
221548,4.4054600566481582e+02,2.6439912679423596e+00
221571,4.4054600566481582e+02,2.6439912679423596e+00
221594,4.4054600566481582e+02,2.6439912679423596e+00
221617,4.4054600566481582e+02,2.6439912679423596e+00
221639,4.4054600566481582e+02,2.6439912679423596e+00
221661,4.4054600566481582e+02,2.6439912679423596e+00
221683,4.4054600566481582e+02,2.6439912679423596e+00
221705,4.4054600566481582e+02,2.6439912679423596e+00
221727,4.4054600566481582e+02,2.6439912679423596e+00
221749,4.4054600566481582e+02,2.6439912679423596e+00
221771,4.4054600566481582e+02,2.6439912679423596e+00
221793,4.4054600566481582e+02,2.6439912679423596e+00
221815,4.4054600566481582e+02,2.6439912679423596e+00
221837,4.4054600566481582e+02,2.6439912679423596e+00
221859,4.4054600566481582e+02,2.6439912679423596e+00
221881,4.4054600566481582e+02,2.6439912679423596e+00
221903,4.4054600566481582e+02,2.6439912679423596e+00
221925,4.4054600566481582e+02,2.6439912679423596e+00
221947,4.4054600566481582e+02,2.6439912679423596e+00
221969,4.4054600566481582e+02,2.6439912679423596e+00
221991,4.4054600566481582e+02,2.6439912679423596e+00
222013,4.4054600566481582e+02,2.6439912679423596e+00
222035,4.4054600566481582e+02,2.6439912679423596e+00
222057,4.4054600566481582e+02,2.6439912679423596e+00
222079,4.4054600566481582e+02,2.6439912679423596e+00
222101,4.4054600566481582e+02,2.6439912679423596e+00
222123,4.4054600566481582e+02,2.6439912679423596e+00
222145,4.4054600566481582e+02,2.6439912679423596e+00
222167,4.4054600566481582e+02,2.6439912679423596e+00
222189,4.4054600566481582e+02,2.6439912679423596e+00
222211,4.4054600566481582e+02,2.6439912679423596e+00
222233,4.4054600566481582e+02,2.6439912679423596e+00
222255,4.4054600566481582e+02,2.6439912679423596e+00
222277,4.4054600566481582e+02,2.6439912679423596e+00
222299,4.4054600566481582e+02,2.6439912679423596e+00
222321,4.4054600566481582e+02,2.6439912679423596e+00
222343,4.4054600566481582e+02,2.6439912679423596e+00
222365,4.4054600566481582e+02,2.6439912679423596e+00
222387,4.4054600566481582e+02,2.6439912679423596e+00
222409,4.4054600566481582e+02,2.6439912679423596e+00
222431,4.4054600566481582e+02,2.6439912679423596e+00
222453,4.4054600566481582e+02,2.6439912679423596e+00
222475,4.4054600566481582e+02,2.6439912679423596e+00
222497,4.4054600566481582e+02,2.6439912679423596e+00
222519,4.4054600566481582e+02,2.6439912679423596e+00
222541,4.4054600566481582e+02,2.6439912679423596e+00
222563,4.4054600566481582e+02,2.6439912679423596e+00
222585,4.4054600566481582e+02,2.6439912679423596e+00
222607,4.4054600566481582e+02,2.6439912679423596e+00
222629,4.4054600566481582e+02,2.6439912679423596e+00
222651,4.4054600566481582e+02,2.6439912679423596e+00
222673,4.4054600566481582e+02,2.6439912679423596e+00
222695,4.4054600566481582e+02,2.6439912679423596e+00
222717,4.4054600566481582e+02,2.6439912679423596e+00
222739,4.4054600566481582e+02,2.6439912679423596e+00
222761,4.4054600566481582e+02,2.6439912679423596e+00
222783,4.4054600566481582e+02,2.6439912679423596e+00
222805,4.4054600566481582e+02,2.6439912679423596e+00
222827,4.4054600566481582e+02,2.6439912679423596e+00
222849,4.4054600566481582e+02,2.6439912679423596e+00
222871,4.4054600566481582e+02,2.6439912679423596e+00
222893,4.4054600566481582e+02,2.6439912679423596e+00
222915,4.4054600566481582e+02,2.6439912679423596e+00
222937,4.4054600566481582e+02,2.6439912679423596e+00
222959,4.4054600566481582e+02,2.6439912679423596e+00
222981,4.4054600566481582e+02,2.6439912679423596e+00
223003,4.4054600566481582e+02,2.6439912679423596e+00
223025,4.4054600566481582e+02,2.6439912679423596e+00
223047,4.4054600566481582e+02,2.6439912679423596e+00
223069,4.4054600566481582e+02,2.6439912679423596e+00
223091,4.4054600566481582e+02,2.6439912679423596e+00
223113,4.4054600566481582e+02,2.6439912679423596e+00
223135,4.4054600566481582e+02,2.6439912679423596e+00
223157,4.4054600566481582e+02,2.6439912679423596e+00
223179,4.4054600566481582e+02,2.6439912679423596e+00
223201,4.4054600566481582e+02,2.6439912679423596e+00
223223,4.4054600566481582e+02,2.6439912679423596e+00
223245,4.4054600566481582e+02,2.6439912679423596e+00
223267,4.4054600566481582e+02,2.6439912679423596e+00
223289,4.4054600566481582e+02,2.6439912679423596e+00
223311,4.4054600566481582e+02,2.6439912679423596e+00
223333,4.4054600566481582e+02,2.6439912679423596e+00
223355,4.4054600566481582e+02,2.6439912679423596e+00
223377,4.4054600566481582e+02,2.6439912679423596e+00
223399,4.4054600566481582e+02,2.6439912679423596e+00
223421,4.4054600566481582e+02,2.6439912679423596e+00
223443,4.4054600566481582e+02,2.6439912679423596e+00
223465,4.4054600566481582e+02,2.6439912679423596e+00
223487,4.4054600566481582e+02,2.6439912679423596e+00
223509,4.4054600566481582e+02,2.6439912679423596e+00
223531,4.4054600566481582e+02,2.6439912679423596e+00
223553,4.4054600566481582e+02,2.6439912679423596e+00
223575,4.4054600566481582e+02,2.6439912679423596e+00
223597,4.4054600566481582e+02,2.6439912679423596e+00
223619,4.4054600566481582e+02,2.6439912679423596e+00
223641,4.4054600566481582e+02,2.6439912679423596e+00
223663,4.4054600566481582e+02,2.6439912679423596e+00
223685,4.4054600566481582e+02,2.6439912679423596e+00
223707,4.4054600566481582e+02,2.6439912679423596e+00
223729,4.4054600566481582e+02,2.6439912679423596e+00
223751,4.4054600566481582e+02,2.6439912679423596e+00
223773,4.4054600566481582e+02,2.6439912679423596e+00
223795,4.4054600566481582e+02,2.6439912679423596e+00
223817,4.4054600566481582e+02,2.6439912679423596e+00
223839,4.4054600566481582e+02,2.6439912679423596e+00
223861,4.4054600566481582e+02,2.6439912679423596e+00
223883,4.4054600566481582e+02,2.6439912679423596e+00
223905,4.4054600566481582e+02,2.6439912679423596e+00
223927,4.4054600566481582e+02,2.6439912679423596e+00
223949,4.4054600566481582e+02,2.6439912679423596e+00
223971,4.4054600566481582e+02,2.6439912679423596e+00
223993,4.4054600566481582e+02,2.6439912679423596e+00
224015,4.4054600566481582e+02,2.6439912679423596e+00
224037,4.4054600566481582e+02,2.6439912679423596e+00
224059,4.4054600566481582e+02,2.6439912679423596e+00
224081,4.4054600566481582e+02,2.6439912679423596e+00
224103,4.4054600566481582e+02,2.6439912679423596e+00
224125,4.4054600566481582e+02,2.6439912679423596e+00
224147,4.4054600566481582e+02,2.6439912679423596e+00
224169,4.4054600566481582e+02,2.6439912679423596e+00
224191,4.4054600566481582e+02,2.6439912679423596e+00
224213,4.4054600566481582e+02,2.6439912679423596e+00
224235,4.4054600566481582e+02,2.6439912679423596e+00
224257,4.4054600566481582e+02,2.6439912679423596e+00
224279,4.4054600566481582e+02,2.6439912679423596e+00
224301,4.4054600566481582e+02,2.6439912679423596e+00
224323,4.4054600566481582e+02,2.6439912679423596e+00
224345,4.4054600566481582e+02,2.6439912679423596e+00
224367,4.4054600566481582e+02,2.6439912679423596e+00
224389,4.4054600566481582e+02,2.6439912679423596e+00
224411,4.4054600566481582e+02,2.6439912679423596e+00
224433,4.4054600566481582e+02,2.6439912679423596e+00
224455,4.4054600566481582e+02,2.6439912679423596e+00
224477,4.4054600566481582e+02,2.6439912679423596e+00
224499,4.4054600566481582e+02,2.6439912679423596e+00
224521,4.4054600566481582e+02,2.6439912679423596e+00
224543,4.4054600566481582e+02,2.6439912679423596e+00
224565,4.4054600566481582e+02,2.6439912679423596e+00
224587,4.4054600566481582e+02,2.6439912679423596e+00
224609,4.4054600566481582e+02,2.6439912679423596e+00
224631,4.4054600566481582e+02,2.6439912679423596e+00
224653,4.4054600566481582e+02,2.6439912679423596e+00
224675,4.4054600566481582e+02,2.6439912679423596e+00
224697,4.4054600566481582e+02,2.6439912679423596e+00
224719,4.4054600566481582e+02,2.6439912679423596e+00
224741,4.4054600566481582e+02,2.6439912679423596e+00
224763,4.4054600566481582e+02,2.6439912679423596e+00
224785,4.4054600566481582e+02,2.6439912679423596e+00
224807,4.4054600566481582e+02,2.6439912679423596e+00
224829,4.4054600566481582e+02,2.6439912679423596e+00
224851,4.4054600566481582e+02,2.6439912679423596e+00
224873,4.4054600566481582e+02,2.6439912679423596e+00
224895,4.4054600566481582e+02,2.6439912679423596e+00
224917,4.4054600566481582e+02,2.6439912679423596e+00
224939,4.4054600566481582e+02,2.6439912679423596e+00
224961,4.4054600566481582e+02,2.6439912679423596e+00
224983,4.4054600566481582e+02,2.6439912679423596e+00
225005,4.4054600566481582e+02,2.6439912679423596e+00
225027,4.4054600566481582e+02,2.6439912679423596e+00
225049,4.4054600566481582e+02,2.6439912679423596e+00
225071,4.4054600566481582e+02,2.6439912679423596e+00
225093,4.4054600566481582e+02,2.6439912679423596e+00
225115,4.4054600566481582e+02,2.6439912679423596e+00
225137,4.4054600566481582e+02,2.6439912679423596e+00
225159,4.4054600566481582e+02,2.6439912679423596e+00
225181,4.4054600566481582e+02,2.6439912679423596e+00
225203,4.4054600566481582e+02,2.6439912679423596e+00
225225,4.4054600566481582e+02,2.6439912679423596e+00
225247,4.4054600566481582e+02,2.6439912679423596e+00
225269,4.4054600566481582e+02,2.6439912679423596e+00
225291,4.4054600566481582e+02,2.6439912679423596e+00
225312,4.4054600566481582e+02,2.6439912679423596e+00
225333,4.4054600566481582e+02,2.6439912679423596e+00
225354,4.4054600566481582e+02,2.6439912679423596e+00
225375,4.4054600566481582e+02,2.6439912679423596e+00
225396,4.4054600566481582e+02,2.6439912679423596e+00
225417,4.4054600566481582e+02,2.6439912679423596e+00
225438,4.4054600566481582e+02,2.6439912679423596e+00
225459,4.4054600566481582e+02,2.6439912679423596e+00
225480,4.4054600566481582e+02,2.6439912679423596e+00
225501,4.4054600566481582e+02,2.6439912679423596e+00
225522,4.4054600566481582e+02,2.6439912679423596e+00
225543,4.4054600566481582e+02,2.6439912679423596e+00
225564,4.4054600566481582e+02,2.6439912679423596e+00
225585,4.4054600566481582e+02,2.6439912679423596e+00
225606,4.4054600566481582e+02,2.6439912679423596e+00
225627,4.4054600566481582e+02,2.6439912679423596e+00
225648,4.4054600566481582e+02,2.6439912679423596e+00
225669,4.4054600566481582e+02,2.6439912679423596e+00
225690,4.4054600566481582e+02,2.6439912679423596e+00
225711,4.4054600566481582e+02,2.6439912679423596e+00
225732,4.4054600566481582e+02,2.6439912679423596e+00
225753,4.4054600566481582e+02,2.6439912679423596e+00
225774,4.4054600566481582e+02,2.6439912679423596e+00
225795,4.4054600566481582e+02,2.6439912679423596e+00
225816,4.4054600566481582e+02,2.6439912679423596e+00
225837,4.4054600566481582e+02,2.6439912679423596e+00
225858,4.4054600566481582e+02,2.6439912679423596e+00
225879,4.4054600566481582e+02,2.6439912679423596e+00
225900,4.4054600566481582e+02,2.6439912679423596e+00
225921,4.4054600566481582e+02,2.6439912679423596e+00
225942,4.4054600566481582e+02,2.6439912679423596e+00
225963,4.4054600566481582e+02,2.6439912679423596e+00
225984,4.4054600566481582e+02,2.6439912679423596e+00
226005,4.4054600566481582e+02,2.6439912679423596e+00
226026,4.4054600566481582e+02,2.6439912679423596e+00
226047,4.4054600566481582e+02,2.6439912679423596e+00
226068,4.4054600566481582e+02,2.6439912679423596e+00
226089,4.4054600566481582e+02,2.6439912679423596e+00
226110,4.4054600566481582e+02,2.6439912679423596e+00
226131,4.4054600566481582e+02,2.6439912679423596e+00
226152,4.4054600566481582e+02,2.6439912679423596e+00
226173,4.4054600566481582e+02,2.6439912679423596e+00
226194,4.4054600566481582e+02,2.6439912679423596e+00
226215,4.4054600566481582e+02,2.6439912679423596e+00
226236,4.4054600566481582e+02,2.6439912679423596e+00
226257,4.4054600566481582e+02,2.6439912679423596e+00
226278,4.4054600566481582e+02,2.6439912679423596e+00
226299,4.4054600566481582e+02,2.6439912679423596e+00
226320,4.4054600566481582e+02,2.6439912679423596e+00
226341,4.4054600566481582e+02,2.6439912679423596e+00
226362,4.4054600566481582e+02,2.6439912679423596e+00
226383,4.4054600566481582e+02,2.6439912679423596e+00
226404,4.4054600566481582e+02,2.6439912679423596e+00
226425,4.4054600566481582e+02,2.6439912679423596e+00
226446,4.4054600566481582e+02,2.6439912679423596e+00
226467,4.4054600566481582e+02,2.6439912679423596e+00
226488,4.4054600566481582e+02,2.6439912679423596e+00
226509,4.4054600566481582e+02,2.6439912679423596e+00
226530,4.4054600566481582e+02,2.6439912679423596e+00
226551,4.4054600566481582e+02,2.6439912679423596e+00
226572,4.4054600566481582e+02,2.6439912679423596e+00
226593,4.4054600566481582e+02,2.6439912679423596e+00
226614,4.4054600566481582e+02,2.6439912679423596e+00
226635,4.4054600566481582e+02,2.6439912679423596e+00
226656,4.4054600566481582e+02,2.6439912679423596e+00
226677,4.4054600566481582e+02,2.6439912679423596e+00
226698,4.4054600566481582e+02,2.6439912679423596e+00
226719,4.4054600566481582e+02,2.6439912679423596e+00
226740,4.4054600566481582e+02,2.6439912679423596e+00
226761,4.4054600566481582e+02,2.6439912679423596e+00
226782,4.4054600566481582e+02,2.6439912679423596e+00
226803,4.4054600566481582e+02,2.6439912679423596e+00
226824,4.4054600566481582e+02,2.6439912679423596e+00
226845,4.4054600566481582e+02,2.6439912679423596e+00
226866,4.4054600566481582e+02,2.6439912679423596e+00
226887,4.4054600566481582e+02,2.6439912679423596e+00
226908,4.4054600566481582e+02,2.6439912679423596e+00
226929,4.4054600566481582e+02,2.6439912679423596e+00
226950,4.4054600566481582e+02,2.6439912679423596e+00
226971,4.4054600566481582e+02,2.6439912679423596e+00
226992,4.4054600566481582e+02,2.6439912679423596e+00
227013,4.4054600566481582e+02,2.6439912679423596e+00
227034,4.4054600566481582e+02,2.6439912679423596e+00
227055,4.4054600566481582e+02,2.6439912679423596e+00
227076,4.4054600566481582e+02,2.6439912679423596e+00
227097,4.4054600566481582e+02,2.6439912679423596e+00
227118,4.4054600566481582e+02,2.6439912679423596e+00
227139,4.4054600566481582e+02,2.6439912679423596e+00
227160,4.4054600566481582e+02,2.6439912679423596e+00
227181,4.4054600566481582e+02,2.6439912679423596e+00
227202,4.4054600566481582e+02,2.6439912679423596e+00
227223,4.4054600566481582e+02,2.6439912679423596e+00
227244,4.4054600566481582e+02,2.6439912679423596e+00
227265,4.4054600566481582e+02,2.6439912679423596e+00
227286,4.4054600566481582e+02,2.6439912679423596e+00
227307,4.4054600566481582e+02,2.6439912679423596e+00
227328,4.4054600566481582e+02,2.6439912679423596e+00
227349,4.4054600566481582e+02,2.6439912679423596e+00
227370,4.4054600566481582e+02,2.6439912679423596e+00
227391,4.4054600566481582e+02,2.6439912679423596e+00
227412,4.4054600566481582e+02,2.6439912679423596e+00
227433,4.4054600566481582e+02,2.6439912679423596e+00
227454,4.4054600566481582e+02,2.6439912679423596e+00
227475,4.4054600566481582e+02,2.6439912679423596e+00
227496,4.4054600566481582e+02,2.6439912679423596e+00
227517,4.4054600566481582e+02,2.6439912679423596e+00
227538,4.4054600566481582e+02,2.6439912679423596e+00
227559,4.4054600566481582e+02,2.6439912679423596e+00
227580,4.4054600566481582e+02,2.6439912679423596e+00
227601,4.4054600566481582e+02,2.6439912679423596e+00
227622,4.4054600566481582e+02,2.6439912679423596e+00
227643,4.4054600566481582e+02,2.6439912679423596e+00
227664,4.4054600566481582e+02,2.6439912679423596e+00
227685,4.4054600566481582e+02,2.6439912679423596e+00
227706,4.4054600566481582e+02,2.6439912679423596e+00
227727,4.4054600566481582e+02,2.6439912679423596e+00
227748,4.4054600566481582e+02,2.6439912679423596e+00
227769,4.4054600566481582e+02,2.6439912679423596e+00
227790,4.4054600566481582e+02,2.6439912679423596e+00
227811,4.4054600566481582e+02,2.6439912679423596e+00
227832,4.4054600566481582e+02,2.6439912679423596e+00
227853,4.4054600566481582e+02,2.6439912679423596e+00
227874,4.4054600566481582e+02,2.6439912679423596e+00
227895,4.4054600566481582e+02,2.6439912679423596e+00
227916,4.4054600566481582e+02,2.6439912679423596e+00
227937,4.4054600566481582e+02,2.6439912679423596e+00
227958,4.4054600566481582e+02,2.6439912679423596e+00
227979,4.4054600566481582e+02,2.6439912679423596e+00
228000,4.4054600566481582e+02,2.6439912679423596e+00
228021,4.4054600566481582e+02,2.6439912679423596e+00
228042,4.4054600566481582e+02,2.6439912679423596e+00
228063,4.4054600566481582e+02,2.6439912679423596e+00
228084,4.4054600566481582e+02,2.6439912679423596e+00
228105,4.4054600566481582e+02,2.6439912679423596e+00
228126,4.4054600566481582e+02,2.6439912679423596e+00
228147,4.4054600566481582e+02,2.6439912679423596e+00
228168,4.4054600566481582e+02,2.6439912679423596e+00
228189,4.4054600566481582e+02,2.6439912679423596e+00
228210,4.4054600566481582e+02,2.6439912679423596e+00
228231,4.4054600566481582e+02,2.6439912679423596e+00
228252,4.4054600566481582e+02,2.6439912679423596e+00
228273,4.4054600566481582e+02,2.6439912679423596e+00
228294,4.4054600566481582e+02,2.6439912679423596e+00
228315,4.4054600566481582e+02,2.6439912679423596e+00
228336,4.4054600566481582e+02,2.6439912679423596e+00
228357,4.4054600566481582e+02,2.6439912679423596e+00
228378,4.4054600566481582e+02,2.6439912679423596e+00
228399,4.4054600566481582e+02,2.6439912679423596e+00
228420,4.4054600566481582e+02,2.6439912679423596e+00
228441,4.4054600566481582e+02,2.6439912679423596e+00
228462,4.4054600566481582e+02,2.6439912679423596e+00
228483,4.4054600566481582e+02,2.6439912679423596e+00
228504,4.4054600566481582e+02,2.6439912679423596e+00
228525,4.4054600566481582e+02,2.6439912679423596e+00
228546,4.4054600566481582e+02,2.6439912679423596e+00
228567,4.4054600566481582e+02,2.6439912679423596e+00
228588,4.4054600566481582e+02,2.6439912679423596e+00
228609,4.4054600566481582e+02,2.6439912679423596e+00
228630,4.4054600566481582e+02,2.6439912679423596e+00
228651,4.4054600566481582e+02,2.6439912679423596e+00
228672,4.4054600566481582e+02,2.6439912679423596e+00
228693,4.4054600566481582e+02,2.6439912679423596e+00
228714,4.4054600566481582e+02,2.6439912679423596e+00
228735,4.4054600566481582e+02,2.6439912679423596e+00
228756,4.4054600566481582e+02,2.6439912679423596e+00
228777,4.4054600566481582e+02,2.6439912679423596e+00
228798,4.4054600566481582e+02,2.6439912679423596e+00
228819,4.4054600566481582e+02,2.6439912679423596e+00
228840,4.4054600566481582e+02,2.6439912679423596e+00
228861,4.4054600566481582e+02,2.6439912679423596e+00
228882,4.4054600566481582e+02,2.6439912679423596e+00
228903,4.4054600566481582e+02,2.6439912679423596e+00
228924,4.4054600566481582e+02,2.6439912679423596e+00
228945,4.4054600566481582e+02,2.6439912679423596e+00
228966,4.4054600566481582e+02,2.6439912679423596e+00
228987,4.4054600566481582e+02,2.6439912679423596e+00
229008,4.4054600566481582e+02,2.6439912679423596e+00
229029,4.4054600566481582e+02,2.6439912679423596e+00
229050,4.4054600566481582e+02,2.6439912679423596e+00
229071,4.4054600566481582e+02,2.6439912679423596e+00
229092,4.4054600566481582e+02,2.6439912679423596e+00
229113,4.4054600566481582e+02,2.6439912679423596e+00
229134,4.4054600566481582e+02,2.6439912679423596e+00
229155,4.4054600566481582e+02,2.6439912679423596e+00
229176,4.4054600566481582e+02,2.6439912679423596e+00
229197,4.4054600566481582e+02,2.6439912679423596e+00
229217,4.4054600566481582e+02,2.6439912679423596e+00
229237,4.4054600566481582e+02,2.6439912679423596e+00
229257,4.4054600566481582e+02,2.6439912679423596e+00
229277,4.4054600566481582e+02,2.6439912679423596e+00
229297,4.4054600566481582e+02,2.6439912679423596e+00
229317,4.4054600566481582e+02,2.6439912679423596e+00
229337,4.4054600566481582e+02,2.6439912679423596e+00
229357,4.4054600566481582e+02,2.6439912679423596e+00
229377,4.4054600566481582e+02,2.6439912679423596e+00
229397,4.4054600566481582e+02,2.6439912679423596e+00
229417,4.4054600566481582e+02,2.6439912679423596e+00
229437,4.4054600566481582e+02,2.6439912679423596e+00
229457,4.4054600566481582e+02,2.6439912679423596e+00
229477,4.4054600566481582e+02,2.6439912679423596e+00
229497,4.4054600566481582e+02,2.6439912679423596e+00
229517,4.4054600566481582e+02,2.6439912679423596e+00
229537,4.4054600566481582e+02,2.6439912679423596e+00
229557,4.4054600566481582e+02,2.6439912679423596e+00
229577,4.4054600566481582e+02,2.6439912679423596e+00
229597,4.4054600566481582e+02,2.6439912679423596e+00
229617,4.4054600566481582e+02,2.6439912679423596e+00
229637,4.4054600566481582e+02,2.6439912679423596e+00
229657,4.4054600566481582e+02,2.6439912679423596e+00
229677,4.4054600566481582e+02,2.6439912679423596e+00
229697,4.4054600566481582e+02,2.6439912679423596e+00
229717,4.4054600566481582e+02,2.6439912679423596e+00
229737,4.4054600566481582e+02,2.6439912679423596e+00
229757,4.4054600566481582e+02,2.6439912679423596e+00
229777,4.4054600566481582e+02,2.6439912679423596e+00
229797,4.4054600566481582e+02,2.6439912679423596e+00
229817,4.4054600566481582e+02,2.6439912679423596e+00
229837,4.4054600566481582e+02,2.6439912679423596e+00
229857,4.4054600566481582e+02,2.6439912679423596e+00
229877,4.4054600566481582e+02,2.6439912679423596e+00
229897,4.4054600566481582e+02,2.6439912679423596e+00
229917,4.4054600566481582e+02,2.6439912679423596e+00
229937,4.4054600566481582e+02,2.6439912679423596e+00
229957,4.4054600566481582e+02,2.6439912679423596e+00
229977,4.4054600566481582e+02,2.6439912679423596e+00
229997,4.4054600566481582e+02,2.6439912679423596e+00
230017,4.4054600566481582e+02,2.6439912679423596e+00
230037,4.4054600566481582e+02,2.6439912679423596e+00
230057,4.4054600566481582e+02,2.6439912679423596e+00
230077,4.4054600566481582e+02,2.6439912679423596e+00
230097,4.4054600566481582e+02,2.6439912679423596e+00
230117,4.4054600566481582e+02,2.6439912679423596e+00
230137,4.4054600566481582e+02,2.6439912679423596e+00
230157,4.4054600566481582e+02,2.6439912679423596e+00
230177,4.4054600566481582e+02,2.6439912679423596e+00
230197,4.4054600566481582e+02,2.6439912679423596e+00
230217,4.4054600566481582e+02,2.6439912679423596e+00
230237,4.4054600566481582e+02,2.6439912679423596e+00
230257,4.4054600566481582e+02,2.6439912679423596e+00
230277,4.4054600566481582e+02,2.6439912679423596e+00
230297,4.4054600566481582e+02,2.6439912679423596e+00
230317,4.4054600566481582e+02,2.6439912679423596e+00
230337,4.4054600566481582e+02,2.6439912679423596e+00
230357,4.4054600566481582e+02,2.6439912679423596e+00
230377,4.4054600566481582e+02,2.6439912679423596e+00
230397,4.4054600566481582e+02,2.6439912679423596e+00
230417,4.4054600566481582e+02,2.6439912679423596e+00
230437,4.4054600566481582e+02,2.6439912679423596e+00
230457,4.4054600566481582e+02,2.6439912679423596e+00
230477,4.4054600566481582e+02,2.6439912679423596e+00
230497,4.4054600566481582e+02,2.6439912679423596e+00
230517,4.4054600566481582e+02,2.6439912679423596e+00
230537,4.4054600566481582e+02,2.6439912679423596e+00
230557,4.4054600566481582e+02,2.6439912679423596e+00
230577,4.4054600566481582e+02,2.6439912679423596e+00
230597,4.4054600566481582e+02,2.6439912679423596e+00
230617,4.4054600566481582e+02,2.6439912679423596e+00
230637,4.4054600566481582e+02,2.6439912679423596e+00
230657,4.4054600566481582e+02,2.6439912679423596e+00
230677,4.4054600566481582e+02,2.6439912679423596e+00
230697,4.4054600566481582e+02,2.6439912679423596e+00
230717,4.4054600566481582e+02,2.6439912679423596e+00
230737,4.4054600566481582e+02,2.6439912679423596e+00
230757,4.4054600566481582e+02,2.6439912679423596e+00
230777,4.4054600566481582e+02,2.6439912679423596e+00
230797,4.4054600566481582e+02,2.6439912679423596e+00
230817,4.4054600566481582e+02,2.6439912679423596e+00
230837,4.4054600566481582e+02,2.6439912679423596e+00
230857,4.4054600566481582e+02,2.6439912679423596e+00
230877,4.4054600566481582e+02,2.6439912679423596e+00
230897,4.4054600566481582e+02,2.6439912679423596e+00
230917,4.4054600566481582e+02,2.6439912679423596e+00
230937,4.4054600566481582e+02,2.6439912679423596e+00
230957,4.4054600566481582e+02,2.6439912679423596e+00
230977,4.4054600566481582e+02,2.6439912679423596e+00
230997,4.4054600566481582e+02,2.6439912679423596e+00
231017,4.4054600566481582e+02,2.6439912679423596e+00
231037,4.4054600566481582e+02,2.6439912679423596e+00
231057,4.4054600566481582e+02,2.6439912679423596e+00
231077,4.4054600566481582e+02,2.6439912679423596e+00
231097,4.4054600566481582e+02,2.6439912679423596e+00
231117,4.4054600566481582e+02,2.6439912679423596e+00
231137,4.4054600566481582e+02,2.6439912679423596e+00
231157,4.4054600566481582e+02,2.6439912679423596e+00
231177,4.4054600566481582e+02,2.6439912679423596e+00
231197,4.4054600566481582e+02,2.6439912679423596e+00
231217,4.4054600566481582e+02,2.6439912679423596e+00
231237,4.4054600566481582e+02,2.6439912679423596e+00
231257,4.4054600566481582e+02,2.6439912679423596e+00
231277,4.4054600566481582e+02,2.6439912679423596e+00
231297,4.4054600566481582e+02,2.6439912679423596e+00
231317,4.4054600566481582e+02,2.6439912679423596e+00
231337,4.4054600566481582e+02,2.6439912679423596e+00
231357,4.4054600566481582e+02,2.6439912679423596e+00
231377,4.4054600566481582e+02,2.6439912679423596e+00
231397,4.4054600566481582e+02,2.6439912679423596e+00
231417,4.4054600566481582e+02,2.6439912679423596e+00
231437,4.4054600566481582e+02,2.6439912679423596e+00
231457,4.4054600566481582e+02,2.6439912679423596e+00
231477,4.4054600566481582e+02,2.6439912679423596e+00
231497,4.4054600566481582e+02,2.6439912679423596e+00
231517,4.4054600566481582e+02,2.6439912679423596e+00
231537,4.4054600566481582e+02,2.6439912679423596e+00
231557,4.4054600566481582e+02,2.6439912679423596e+00
231577,4.4054600566481582e+02,2.6439912679423596e+00
231597,4.4054600566481582e+02,2.6439912679423596e+00
231617,4.4054600566481582e+02,2.6439912679423596e+00
231637,4.4054600566481582e+02,2.6439912679423596e+00
231657,4.4054600566481582e+02,2.6439912679423596e+00
231677,4.4054600566481582e+02,2.6439912679423596e+00
231697,4.4054600566481582e+02,2.6439912679423596e+00
231717,4.4054600566481582e+02,2.6439912679423596e+00
231737,4.4054600566481582e+02,2.6439912679423596e+00
231757,4.4054600566481582e+02,2.6439912679423596e+00
231777,4.4054600566481582e+02,2.6439912679423596e+00
231797,4.4054600566481582e+02,2.6439912679423596e+00
231817,4.4054600566481582e+02,2.6439912679423596e+00
231837,4.4054600566481582e+02,2.6439912679423596e+00
231857,4.4054600566481582e+02,2.6439912679423596e+00
231877,4.4054600566481582e+02,2.6439912679423596e+00
231897,4.4054600566481582e+02,2.6439912679423596e+00
231917,4.4054600566481582e+02,2.6439912679423596e+00
231937,4.4054600566481582e+02,2.6439912679423596e+00
231957,4.4054600566481582e+02,2.6439912679423596e+00
231977,4.4054600566481582e+02,2.6439912679423596e+00
231997,4.4054600566481582e+02,2.6439912679423596e+00
232017,4.4054600566481582e+02,2.6439912679423596e+00
232037,4.4054600566481582e+02,2.6439912679423596e+00
232057,4.4054600566481582e+02,2.6439912679423596e+00
232077,4.4054600566481582e+02,2.6439912679423596e+00
232097,4.4054600566481582e+02,2.6439912679423596e+00
232117,4.4054600566481582e+02,2.6439912679423596e+00
232137,4.4054600566481582e+02,2.6439912679423596e+00
232157,4.4054600566481582e+02,2.6439912679423596e+00
232177,4.4054600566481582e+02,2.6439912679423596e+00
232197,4.4054600566481582e+02,2.6439912679423596e+00
232217,4.4054600566481582e+02,2.6439912679423596e+00
232237,4.4054600566481582e+02,2.6439912679423596e+00
232257,4.4054600566481582e+02,2.6439912679423596e+00
232277,4.4054600566481582e+02,2.6439912679423596e+00
232297,4.4054600566481582e+02,2.6439912679423596e+00
232317,4.4054600566481582e+02,2.6439912679423596e+00
232337,4.4054600566481582e+02,2.6439912679423596e+00
232357,4.4054600566481582e+02,2.6439912679423596e+00
232377,4.4054600566481582e+02,2.6439912679423596e+00
232397,4.4054600566481582e+02,2.6439912679423596e+00
232417,4.4054600566481582e+02,2.6439912679423596e+00
232437,4.4054600566481582e+02,2.6439912679423596e+00
232457,4.4054600566481582e+02,2.6439912679423596e+00
232477,4.4054600566481582e+02,2.6439912679423596e+00
232497,4.4054600566481582e+02,2.6439912679423596e+00
232517,4.4054600566481582e+02,2.6439912679423596e+00
232537,4.4054600566481582e+02,2.6439912679423596e+00
232557,4.4054600566481582e+02,2.6439912679423596e+00
232577,4.4054600566481582e+02,2.6439912679423596e+00
232597,4.4054600566481582e+02,2.6439912679423596e+00
232617,4.4054600566481582e+02,2.6439912679423596e+00
232637,4.4054600566481582e+02,2.6439912679423596e+00
232657,4.4054600566481582e+02,2.6439912679423596e+00
232677,4.4054600566481582e+02,2.6439912679423596e+00
232697,4.4054600566481582e+02,2.6439912679423596e+00
232717,4.4054600566481582e+02,2.6439912679423596e+00
232737,4.4054600566481582e+02,2.6439912679423596e+00
232757,4.4054600566481582e+02,2.6439912679423596e+00
232777,4.4054600566481582e+02,2.6439912679423596e+00
232797,4.4054600566481582e+02,2.6439912679423596e+00
232817,4.4054600566481582e+02,2.6439912679423596e+00
232837,4.4054600566481582e+02,2.6439912679423596e+00
232857,4.4054600566481582e+02,2.6439912679423596e+00
232877,4.4054600566481582e+02,2.6439912679423596e+00
232897,4.4054600566481582e+02,2.6439912679423596e+00
232917,4.4054600566481582e+02,2.6439912679423596e+00
232937,4.4054600566481582e+02,2.6439912679423596e+00
232957,4.4054600566481582e+02,2.6439912679423596e+00
232977,4.4054600566481582e+02,2.6439912679423596e+00
232997,4.4054600566481582e+02,2.6439912679423596e+00
233017,4.4054600566481582e+02,2.6439912679423596e+00
233037,4.4054600566481582e+02,2.6439912679423596e+00
233057,4.4054600566481582e+02,2.6439912679423596e+00
233077,4.4054600566481582e+02,2.6439912679423596e+00
233097,4.4054600566481582e+02,2.6439912679423596e+00
233117,4.4054600566481582e+02,2.6439912679423596e+00
233137,4.4054600566481582e+02,2.6439912679423596e+00
233157,4.4054600566481582e+02,2.6439912679423596e+00
233177,4.4054600566481582e+02,2.6439912679423596e+00
233197,4.4054600566481582e+02,2.6439912679423596e+00
233217,4.4054600566481582e+02,2.6439912679423596e+00
233237,4.4054600566481582e+02,2.6439912679423596e+00
233257,4.4054600566481582e+02,2.6439912679423596e+00
233277,4.4054600566481582e+02,2.6439912679423596e+00
233297,4.4054600566481582e+02,2.6439912679423596e+00
233317,4.4054600566481582e+02,2.6439912679423596e+00
233336,4.4054600566481582e+02,2.6439912679423596e+00
233355,4.4054600566481582e+02,2.6439912679423596e+00
233374,4.4054600566481582e+02,2.6439912679423596e+00
233393,4.4054600566481582e+02,2.6439912679423596e+00
233412,4.4054600566481582e+02,2.6439912679423596e+00
233431,4.4054600566481582e+02,2.6439912679423596e+00
233450,4.4054600566481582e+02,2.6439912679423596e+00
233469,4.4054600566481582e+02,2.6439912679423596e+00
233488,4.4054600566481582e+02,2.6439912679423596e+00
233507,4.4054600566481582e+02,2.6439912679423596e+00
233526,4.4054600566481582e+02,2.6439912679423596e+00
233545,4.4054600566481582e+02,2.6439912679423596e+00
233564,4.4054600566481582e+02,2.6439912679423596e+00
233583,4.4054600566481582e+02,2.6439912679423596e+00
233602,4.4054600566481582e+02,2.6439912679423596e+00
233621,4.4054600566481582e+02,2.6439912679423596e+00
233640,4.4054600566481582e+02,2.6439912679423596e+00
233659,4.4054600566481582e+02,2.6439912679423596e+00
233678,4.4054600566481582e+02,2.6439912679423596e+00
233697,4.4054600566481582e+02,2.6439912679423596e+00
233716,4.4054600566481582e+02,2.6439912679423596e+00
233735,4.4054600566481582e+02,2.6439912679423596e+00
233754,4.4054600566481582e+02,2.6439912679423596e+00
233773,4.4054600566481582e+02,2.6439912679423596e+00
233792,4.4054600566481582e+02,2.6439912679423596e+00
233811,4.4054600566481582e+02,2.6439912679423596e+00
233830,4.4054600566481582e+02,2.6439912679423596e+00
233849,4.4054600566481582e+02,2.6439912679423596e+00
233868,4.4054600566481582e+02,2.6439912679423596e+00
233887,4.4054600566481582e+02,2.6439912679423596e+00
233906,4.4054600566481582e+02,2.6439912679423596e+00
233925,4.4054600566481582e+02,2.6439912679423596e+00
233944,4.4054600566481582e+02,2.6439912679423596e+00
233963,4.4054600566481582e+02,2.6439912679423596e+00
233982,4.4054600566481582e+02,2.6439912679423596e+00
234001,4.4054600566481582e+02,2.6439912679423596e+00
234020,4.4054600566481582e+02,2.6439912679423596e+00
234039,4.4054600566481582e+02,2.6439912679423596e+00
234058,4.4054600566481582e+02,2.6439912679423596e+00
234077,4.4054600566481582e+02,2.6439912679423596e+00
234096,4.4054600566481582e+02,2.6439912679423596e+00
234115,4.4054600566481582e+02,2.6439912679423596e+00
234134,4.4054600566481582e+02,2.6439912679423596e+00
234153,4.4054600566481582e+02,2.6439912679423596e+00
234172,4.4054600566481582e+02,2.6439912679423596e+00
234191,4.4054600566481582e+02,2.6439912679423596e+00
234210,4.4054600566481582e+02,2.6439912679423596e+00
234229,4.4054600566481582e+02,2.6439912679423596e+00
234248,4.4054600566481582e+02,2.6439912679423596e+00
234267,4.4054600566481582e+02,2.6439912679423596e+00
234286,4.4054600566481582e+02,2.6439912679423596e+00
234305,4.4054600566481582e+02,2.6439912679423596e+00
234324,4.4054600566481582e+02,2.6439912679423596e+00
234343,4.4054600566481582e+02,2.6439912679423596e+00
234362,4.4054600566481582e+02,2.6439912679423596e+00
234381,4.4054600566481582e+02,2.6439912679423596e+00
234400,4.4054600566481582e+02,2.6439912679423596e+00
234419,4.4054600566481582e+02,2.6439912679423596e+00
234438,4.4054600566481582e+02,2.6439912679423596e+00
234457,4.4054600566481582e+02,2.6439912679423596e+00
234476,4.4054600566481582e+02,2.6439912679423596e+00
234495,4.4054600566481582e+02,2.6439912679423596e+00
234514,4.4054600566481582e+02,2.6439912679423596e+00
234533,4.4054600566481582e+02,2.6439912679423596e+00
234552,4.4054600566481582e+02,2.6439912679423596e+00
234571,4.4054600566481582e+02,2.6439912679423596e+00
234590,4.4054600566481582e+02,2.6439912679423596e+00
234609,4.4054600566481582e+02,2.6439912679423596e+00
234628,4.4054600566481582e+02,2.6439912679423596e+00
234647,4.4054600566481582e+02,2.6439912679423596e+00
234666,4.4054600566481582e+02,2.6439912679423596e+00
234685,4.4054600566481582e+02,2.6439912679423596e+00
234704,4.4054600566481582e+02,2.6439912679423596e+00
234723,4.4054600566481582e+02,2.6439912679423596e+00
234742,4.4054600566481582e+02,2.6439912679423596e+00
234761,4.4054600566481582e+02,2.6439912679423596e+00
234780,4.4054600566481582e+02,2.6439912679423596e+00
234799,4.4054600566481582e+02,2.6439912679423596e+00
234818,4.4054600566481582e+02,2.6439912679423596e+00
234837,4.4054600566481582e+02,2.6439912679423596e+00
234856,4.4054600566481582e+02,2.6439912679423596e+00
234875,4.4054600566481582e+02,2.6439912679423596e+00
234894,4.4054600566481582e+02,2.6439912679423596e+00
234913,4.4054600566481582e+02,2.6439912679423596e+00
234932,4.4054600566481582e+02,2.6439912679423596e+00
234951,4.4054600566481582e+02,2.6439912679423596e+00
234970,4.4054600566481582e+02,2.6439912679423596e+00
234989,4.4054600566481582e+02,2.6439912679423596e+00
235008,4.4054600566481582e+02,2.6439912679423596e+00
235027,4.4054600566481582e+02,2.6439912679423596e+00
235046,4.4054600566481582e+02,2.6439912679423596e+00
235065,4.4054600566481582e+02,2.6439912679423596e+00
235084,4.4054600566481582e+02,2.6439912679423596e+00
235103,4.4054600566481582e+02,2.6439912679423596e+00
235122,4.4054600566481582e+02,2.6439912679423596e+00
235141,4.4054600566481582e+02,2.6439912679423596e+00
235160,4.4054600566481582e+02,2.6439912679423596e+00
235179,4.4054600566481582e+02,2.6439912679423596e+00
235198,4.4054600566481582e+02,2.6439912679423596e+00
235217,4.4054600566481582e+02,2.6439912679423596e+00
235236,4.4054600566481582e+02,2.6439912679423596e+00
235255,4.4054600566481582e+02,2.6439912679423596e+00
235274,4.4054600566481582e+02,2.6439912679423596e+00
235293,4.4054600566481582e+02,2.6439912679423596e+00
235312,4.4054600566481582e+02,2.6439912679423596e+00
235331,4.4054600566481582e+02,2.6439912679423596e+00
235350,4.4054600566481582e+02,2.6439912679423596e+00
235369,4.4054600566481582e+02,2.6439912679423596e+00
235388,4.4054600566481582e+02,2.6439912679423596e+00
235407,4.4054600566481582e+02,2.6439912679423596e+00
235426,4.4054600566481582e+02,2.6439912679423596e+00
235445,4.4054600566481582e+02,2.6439912679423596e+00
235464,4.4054600566481582e+02,2.6439912679423596e+00
235483,4.4054600566481582e+02,2.6439912679423596e+00
235502,4.4054600566481582e+02,2.6439912679423596e+00
235521,4.4054600566481582e+02,2.6439912679423596e+00
235540,4.4054600566481582e+02,2.6439912679423596e+00
235559,4.4054600566481582e+02,2.6439912679423596e+00
235578,4.4054600566481582e+02,2.6439912679423596e+00
235597,4.4054600566481582e+02,2.6439912679423596e+00
235616,4.4054600566481582e+02,2.6439912679423596e+00
235635,4.4054600566481582e+02,2.6439912679423596e+00
235654,4.4054600566481582e+02,2.6439912679423596e+00
235673,4.4054600566481582e+02,2.6439912679423596e+00
235692,4.4054600566481582e+02,2.6439912679423596e+00
235711,4.4054600566481582e+02,2.6439912679423596e+00
235730,4.4054600566481582e+02,2.6439912679423596e+00
235749,4.4054600566481582e+02,2.6439912679423596e+00
235768,4.4054600566481582e+02,2.6439912679423596e+00
235787,4.4054600566481582e+02,2.6439912679423596e+00
235806,4.4054600566481582e+02,2.6439912679423596e+00
235825,4.4054600566481582e+02,2.6439912679423596e+00
235844,4.4054600566481582e+02,2.6439912679423596e+00
235863,4.4054600566481582e+02,2.6439912679423596e+00
235882,4.4054600566481582e+02,2.6439912679423596e+00
235901,4.4054600566481582e+02,2.6439912679423596e+00
235920,4.4054600566481582e+02,2.6439912679423596e+00
235939,4.4054600566481582e+02,2.6439912679423596e+00
235958,4.4054600566481582e+02,2.6439912679423596e+00
235977,4.4054600566481582e+02,2.6439912679423596e+00
235996,4.4054600566481582e+02,2.6439912679423596e+00
236015,4.4054600566481582e+02,2.6439912679423596e+00
236034,4.4054600566481582e+02,2.6439912679423596e+00
236053,4.4054600566481582e+02,2.6439912679423596e+00
236072,4.4054600566481582e+02,2.6439912679423596e+00
236091,4.4054600566481582e+02,2.6439912679423596e+00
236110,4.4054600566481582e+02,2.6439912679423596e+00
236129,4.4054600566481582e+02,2.6439912679423596e+00
236148,4.4054600566481582e+02,2.6439912679423596e+00
236167,4.4054600566481582e+02,2.6439912679423596e+00
236186,4.4054600566481582e+02,2.6439912679423596e+00
236205,4.4054600566481582e+02,2.6439912679423596e+00
236224,4.4054600566481582e+02,2.6439912679423596e+00
236243,4.4054600566481582e+02,2.6439912679423596e+00
236262,4.4054600566481582e+02,2.6439912679423596e+00
236281,4.4054600566481582e+02,2.6439912679423596e+00
236300,4.4054600566481582e+02,2.6439912679423596e+00
236319,4.4054600566481582e+02,2.6439912679423596e+00
236338,4.4054600566481582e+02,2.6439912679423596e+00
236357,4.4054600566481582e+02,2.6439912679423596e+00
236376,4.4054600566481582e+02,2.6439912679423596e+00
236395,4.4054600566481582e+02,2.6439912679423596e+00
236414,4.4054600566481582e+02,2.6439912679423596e+00
236433,4.4054600566481582e+02,2.6439912679423596e+00
236452,4.4054600566481582e+02,2.6439912679423596e+00
236471,4.4054600566481582e+02,2.6439912679423596e+00
236490,4.4054600566481582e+02,2.6439912679423596e+00
236509,4.4054600566481582e+02,2.6439912679423596e+00
236528,4.4054600566481582e+02,2.6439912679423596e+00
236547,4.4054600566481582e+02,2.6439912679423596e+00
236566,4.4054600566481582e+02,2.6439912679423596e+00
236585,4.4054600566481582e+02,2.6439912679423596e+00
236604,4.4054600566481582e+02,2.6439912679423596e+00
236623,4.4054600566481582e+02,2.6439912679423596e+00
236642,4.4054600566481582e+02,2.6439912679423596e+00
236661,4.4054600566481582e+02,2.6439912679423596e+00
236680,4.4054600566481582e+02,2.6439912679423596e+00
236699,4.4054600566481582e+02,2.6439912679423596e+00
236718,4.4054600566481582e+02,2.6439912679423596e+00
236737,4.4054600566481582e+02,2.6439912679423596e+00
236756,4.4054600566481582e+02,2.6439912679423596e+00
236775,4.4054600566481582e+02,2.6439912679423596e+00
236794,4.4054600566481582e+02,2.6439912679423596e+00
236813,4.4054600566481582e+02,2.6439912679423596e+00
236832,4.4054600566481582e+02,2.6439912679423596e+00
236851,4.4054600566481582e+02,2.6439912679423596e+00
236870,4.4054600566481582e+02,2.6439912679423596e+00
236889,4.4054600566481582e+02,2.6439912679423596e+00
236908,4.4054600566481582e+02,2.6439912679423596e+00
236927,4.4054600566481582e+02,2.6439912679423596e+00
236946,4.4054600566481582e+02,2.6439912679423596e+00
236965,4.4054600566481582e+02,2.6439912679423596e+00
236984,4.4054600566481582e+02,2.6439912679423596e+00
237003,4.4054600566481582e+02,2.6439912679423596e+00
237022,4.4054600566481582e+02,2.6439912679423596e+00
237041,4.4054600566481582e+02,2.6439912679423596e+00
237060,4.4054600566481582e+02,2.6439912679423596e+00
237079,4.4054600566481582e+02,2.6439912679423596e+00
237098,4.4054600566481582e+02,2.6439912679423596e+00
237117,4.4054600566481582e+02,2.6439912679423596e+00
237136,4.4054600566481582e+02,2.6439912679423596e+00
237155,4.4054600566481582e+02,2.6439912679423596e+00
237174,4.4054600566481582e+02,2.6439912679423596e+00
237193,4.4054600566481582e+02,2.6439912679423596e+00
237212,4.4054600566481582e+02,2.6439912679423596e+00
237231,4.4054600566481582e+02,2.6439912679423596e+00
237250,4.4054600566481582e+02,2.6439912679423596e+00
237269,4.4054600566481582e+02,2.6439912679423596e+00
237288,4.4054600566481582e+02,2.6439912679423596e+00
237307,4.4054600566481582e+02,2.6439912679423596e+00
237326,4.4054600566481582e+02,2.6439912679423596e+00
237345,4.4054600566481582e+02,2.6439912679423596e+00
237364,4.4054600566481582e+02,2.6439912679423596e+00
237383,4.4004050158680269e+02,2.6434926510456251e+00
237402,4.4004050158680269e+02,2.6434926510456251e+00
237421,4.4004050158680269e+02,2.6434926510456251e+00
237440,4.4004050158680269e+02,2.6434926510456251e+00
237459,4.4004050158680269e+02,2.6434926510456251e+00
237478,4.4004050158680269e+02,2.6434926510456251e+00
237497,4.4004050158680269e+02,2.6434926510456251e+00
237516,4.4004050158680269e+02,2.6434926510456251e+00
237535,4.4004050158680269e+02,2.6434926510456251e+00
237554,4.4004050158680269e+02,2.6434926510456251e+00
237573,4.4004050158680269e+02,2.6434926510456251e+00
237592,4.4004050158680269e+02,2.6434926510456251e+00
237611,4.4004050158680269e+02,2.6434926510456251e+00
237630,4.4004050158680269e+02,2.6434926510456251e+00
237649,4.4004050158680269e+02,2.6434926510456251e+00
237668,4.4004050158680269e+02,2.6434926510456251e+00
237687,4.4004050158680269e+02,2.6434926510456251e+00
237706,4.4004050158680269e+02,2.6434926510456251e+00
237725,4.4004050158680269e+02,2.6434926510456251e+00
237744,4.4004050158680269e+02,2.6434926510456251e+00
237763,4.4004050158680269e+02,2.6434926510456251e+00
237781,4.4004050158680269e+02,2.6434926510456251e+00
237799,4.4004050158680269e+02,2.6434926510456251e+00
237817,4.4004050158680269e+02,2.6434926510456251e+00
237835,4.4004050158680269e+02,2.6434926510456251e+00
237853,4.4004050158680269e+02,2.6434926510456251e+00
237871,4.4004050158680269e+02,2.6434926510456251e+00
237889,4.4004050158680269e+02,2.6434926510456251e+00
237907,4.4004050158680269e+02,2.6434926510456251e+00
237925,4.4004050158680269e+02,2.6434926510456251e+00
237943,4.4004050158680269e+02,2.6434926510456251e+00
237961,4.4004050158680269e+02,2.6434926510456251e+00
237979,4.4004050158680269e+02,2.6434926510456251e+00
237997,4.4004050158680269e+02,2.6434926510456251e+00
238015,4.4004050158680269e+02,2.6434926510456251e+00
238033,4.4004050158680269e+02,2.6434926510456251e+00
238051,4.4004050158680269e+02,2.6434926510456251e+00
238069,4.4004050158680269e+02,2.6434926510456251e+00
238087,4.4004050158680269e+02,2.6434926510456251e+00
238105,4.4004050158680269e+02,2.6434926510456251e+00
238123,4.4004050158680269e+02,2.6434926510456251e+00
238141,4.4004050158680269e+02,2.6434926510456251e+00
238159,4.4004050158680269e+02,2.6434926510456251e+00
238177,4.4004050158680269e+02,2.6434926510456251e+00
238195,4.4004050158680269e+02,2.6434926510456251e+00
238213,4.4004050158680269e+02,2.6434926510456251e+00
238231,4.4004050158680269e+02,2.6434926510456251e+00
238249,4.4004050158680269e+02,2.6434926510456251e+00
238267,4.4004050158680269e+02,2.6434926510456251e+00
238285,4.4004050158680269e+02,2.6434926510456251e+00
238303,4.4004050158680269e+02,2.6434926510456251e+00
238321,4.4004050158680269e+02,2.6434926510456251e+00
238339,4.4004050158680269e+02,2.6434926510456251e+00
238357,4.4004050158680269e+02,2.6434926510456251e+00
238375,4.4004050158680269e+02,2.6434926510456251e+00
238393,4.4004050158680269e+02,2.6434926510456251e+00
238411,4.4004050158680269e+02,2.6434926510456251e+00
238429,4.4004050158680269e+02,2.6434926510456251e+00
238447,4.4004050158680269e+02,2.6434926510456251e+00
238465,4.4004050158680269e+02,2.6434926510456251e+00
238483,4.4004050158680269e+02,2.6434926510456251e+00
238501,4.4004050158680269e+02,2.6434926510456251e+00
238519,4.4004050158680269e+02,2.6434926510456251e+00
238537,4.4004050158680269e+02,2.6434926510456251e+00
238555,4.4004050158680269e+02,2.6434926510456251e+00
238573,4.4004050158680269e+02,2.6434926510456251e+00
238591,4.4004050158680269e+02,2.6434926510456251e+00
238609,4.4004050158680269e+02,2.6434926510456251e+00
238627,4.4004050158680269e+02,2.6434926510456251e+00
238645,4.4004050158680269e+02,2.6434926510456251e+00
238663,4.4004050158680269e+02,2.6434926510456251e+00
238681,4.4004050158680269e+02,2.6434926510456251e+00
238699,4.4004050158680269e+02,2.6434926510456251e+00
238717,4.4004050158680269e+02,2.6434926510456251e+00
238735,4.4004050158680269e+02,2.6434926510456251e+00
238753,4.4004050158680269e+02,2.6434926510456251e+00
238771,4.4004050158680269e+02,2.6434926510456251e+00
238789,4.4004050158680269e+02,2.6434926510456251e+00
238807,4.4004050158680269e+02,2.6434926510456251e+00
238825,4.4004050158680269e+02,2.6434926510456251e+00
238843,4.4004050158680269e+02,2.6434926510456251e+00
238861,4.4004050158680269e+02,2.6434926510456251e+00
238879,4.4004050158680269e+02,2.6434926510456251e+00
238897,4.4004050158680269e+02,2.6434926510456251e+00
238915,4.4004050158680269e+02,2.6434926510456251e+00
238933,4.4004050158680269e+02,2.6434926510456251e+00
238951,4.4004050158680269e+02,2.6434926510456251e+00
238969,4.4004050158680269e+02,2.6434926510456251e+00
238987,4.4004050158680269e+02,2.6434926510456251e+00
239005,4.4004050158680269e+02,2.6434926510456251e+00
239023,4.4004050158680269e+02,2.6434926510456251e+00
239041,4.4004050158680269e+02,2.6434926510456251e+00
239059,4.4004050158680269e+02,2.6434926510456251e+00
239077,4.4004050158680269e+02,2.6434926510456251e+00
239095,4.4004050158680269e+02,2.6434926510456251e+00
239113,4.4004050158680269e+02,2.6434926510456251e+00
239131,4.4004050158680269e+02,2.6434926510456251e+00
239149,4.4004050158680269e+02,2.6434926510456251e+00
239167,4.4004050158680269e+02,2.6434926510456251e+00
239185,4.4004050158680269e+02,2.6434926510456251e+00
239203,4.4004050158680269e+02,2.6434926510456251e+00
239221,4.4004050158680269e+02,2.6434926510456251e+00
239239,4.4004050158680269e+02,2.6434926510456251e+00
239257,4.4004050158680269e+02,2.6434926510456251e+00
239275,4.4004050158680269e+02,2.6434926510456251e+00
239293,4.4004050158680269e+02,2.6434926510456251e+00
239311,4.4004050158680269e+02,2.6434926510456251e+00
239329,4.4004050158680269e+02,2.6434926510456251e+00
239347,4.4004050158680269e+02,2.6434926510456251e+00
239365,4.4004050158680269e+02,2.6434926510456251e+00
239383,4.4004050158680269e+02,2.6434926510456251e+00
239401,4.4004050158680269e+02,2.6434926510456251e+00
239419,4.4004050158680269e+02,2.6434926510456251e+00
239437,4.4004050158680269e+02,2.6434926510456251e+00
239455,4.4004050158680269e+02,2.6434926510456251e+00
239473,4.4004050158680269e+02,2.6434926510456251e+00
239491,4.4004050158680269e+02,2.6434926510456251e+00
239509,4.4004050158680269e+02,2.6434926510456251e+00
239527,4.4004050158680269e+02,2.6434926510456251e+00
239545,4.4004050158680269e+02,2.6434926510456251e+00
239563,4.4004050158680269e+02,2.6434926510456251e+00
239581,4.4004050158680269e+02,2.6434926510456251e+00
239599,4.4004050158680269e+02,2.6434926510456251e+00
239617,4.4004050158680269e+02,2.6434926510456251e+00
239635,4.4004050158680269e+02,2.6434926510456251e+00
239653,4.4004050158680269e+02,2.6434926510456251e+00
239671,4.4004050158680269e+02,2.6434926510456251e+00
239689,4.4004050158680269e+02,2.6434926510456251e+00
239707,4.4004050158680269e+02,2.6434926510456251e+00
239725,4.4004050158680269e+02,2.6434926510456251e+00
239743,4.4004050158680269e+02,2.6434926510456251e+00
239761,4.4004050158680269e+02,2.6434926510456251e+00
239779,4.4004050158680269e+02,2.6434926510456251e+00
239797,4.4004050158680269e+02,2.6434926510456251e+00
239815,4.4004050158680269e+02,2.6434926510456251e+00
239833,4.4004050158680269e+02,2.6434926510456251e+00
239851,4.4004050158680269e+02,2.6434926510456251e+00
239869,4.4004050158680269e+02,2.6434926510456251e+00
239887,4.4004050158680269e+02,2.6434926510456251e+00
239905,4.4004050158680269e+02,2.6434926510456251e+00
239923,4.4004050158680269e+02,2.6434926510456251e+00
239941,4.4004050158680269e+02,2.6434926510456251e+00
239959,4.4004050158680269e+02,2.6434926510456251e+00
239977,4.4004050158680269e+02,2.6434926510456251e+00
239995,4.4004050158680269e+02,2.6434926510456251e+00
240019,4.3283944908902231e+02,2.6363268356034202e+00
240037,4.3283944908902231e+02,2.6363268356034202e+00
240055,4.3283944908902231e+02,2.6363268356034202e+00
240073,4.3283944908902231e+02,2.6363268356034202e+00
240091,4.3283944908902231e+02,2.6363268356034202e+00
240109,4.3283944908902231e+02,2.6363268356034202e+00
240133,4.3283944908902231e+02,2.6363268356034202e+00
240151,4.3283944908902231e+02,2.6363268356034202e+00
240169,4.3283944908902231e+02,2.6363268356034202e+00
240187,4.3283944908902231e+02,2.6363268356034202e+00
240205,4.3283944908902231e+02,2.6363268356034202e+00
240223,4.3283944908902231e+02,2.6363268356034202e+00
240247,4.3283944908902231e+02,2.6363268356034202e+00
240265,4.3283944908902231e+02,2.6363268356034202e+00
240283,4.3283944908902231e+02,2.6363268356034202e+00
240301,4.3283944908902231e+02,2.6363268356034202e+00
240319,4.3283944908902231e+02,2.6363268356034202e+00
240337,4.3283944908902231e+02,2.6363268356034202e+00
240361,4.3283944908902231e+02,2.6363268356034202e+00
240379,4.3283944908902231e+02,2.6363268356034202e+00
240397,4.3283944908902231e+02,2.6363268356034202e+00
240415,4.3283944908902231e+02,2.6363268356034202e+00
240433,4.3283944908902231e+02,2.6363268356034202e+00
240451,4.3283944908902231e+02,2.6363268356034202e+00
240475,4.3135619884841799e+02,2.6348360434920592e+00
240493,4.3135619884841799e+02,2.6348360434920592e+00
240511,4.3135619884841799e+02,2.6348360434920592e+00
240529,4.3135619884841799e+02,2.6348360434920592e+00
240547,4.3135619884841799e+02,2.6348360434920592e+00
240565,4.3135619884841799e+02,2.6348360434920592e+00
240589,4.3135619884841799e+02,2.6348360434920592e+00
240607,4.3135619884841799e+02,2.6348360434920592e+00
240625,4.3135619884841799e+02,2.6348360434920592e+00
240643,4.3135619884841799e+02,2.6348360434920592e+00
240661,4.3135619884841799e+02,2.6348360434920592e+00
240679,4.3135619884841799e+02,2.6348360434920592e+00
240703,4.3135619884841799e+02,2.6348360434920592e+00
240721,4.3135619884841799e+02,2.6348360434920592e+00
240739,4.3135619884841799e+02,2.6348360434920592e+00
240757,4.3135619884841799e+02,2.6348360434920592e+00
240775,4.3135619884841799e+02,2.6348360434920592e+00
240793,4.3135619884841799e+02,2.6348360434920592e+00
240817,4.2976669108928900e+02,2.6332327526242665e+00
240835,4.2976669108928900e+02,2.6332327526242665e+00
240853,4.2976669108928900e+02,2.6332327526242665e+00
240871,4.2976669108928900e+02,2.6332327526242665e+00
240889,4.2976669108928900e+02,2.6332327526242665e+00
240907,4.2976669108928900e+02,2.6332327526242665e+00
240931,4.2911753834302198e+02,2.6325762648238440e+00
240949,4.2911753834302198e+02,2.6325762648238440e+00
240967,4.2911753834302198e+02,2.6325762648238440e+00
240985,4.2911753834302198e+02,2.6325762648238440e+00
241003,4.2911753834302198e+02,2.6325762648238440e+00
241021,4.2911753834302198e+02,2.6325762648238440e+00
241045,4.2688406678075103e+02,2.6303099452974243e+00
241063,4.2688406678075103e+02,2.6303099452974243e+00
241081,4.2688406678075103e+02,2.6303099452974243e+00
241099,4.2688406678075103e+02,2.6303099452974243e+00
241117,4.2688406678075103e+02,2.6303099452974243e+00
241135,4.2688406678075103e+02,2.6303099452974243e+00
241159,4.2531670962797801e+02,2.6287124453913591e+00
241177,4.2531670962797801e+02,2.6287124453913591e+00
241195,4.2531670962797801e+02,2.6287124453913591e+00
241213,4.2531670962797801e+02,2.6287124453913591e+00
241231,4.2531670962797801e+02,2.6287124453913591e+00
241249,4.2531670962797801e+02,2.6287124453913591e+00
241273,4.2531670962797801e+02,2.6287124453913591e+00
241291,4.2531670962797801e+02,2.6287124453913591e+00
241309,4.2531670962797801e+02,2.6287124453913591e+00
241327,4.2531670962797801e+02,2.6287124453913591e+00
241345,4.2531670962797801e+02,2.6287124453913591e+00
241363,4.2531670962797801e+02,2.6287124453913591e+00
241387,4.2531670962797801e+02,2.6287124453913591e+00
241405,4.2531670962797801e+02,2.6287124453913591e+00
241423,4.2531670962797801e+02,2.6287124453913591e+00
241441,4.2531670962797801e+02,2.6287124453913591e+00
241459,4.2531670962797801e+02,2.6287124453913591e+00
241477,4.2531670962797801e+02,2.6287124453913591e+00
241501,4.2201065028136958e+02,2.6253234113883659e+00
241519,4.2201065028136958e+02,2.6253234113883659e+00
241537,4.2201065028136958e+02,2.6253234113883659e+00
241555,4.2201065028136958e+02,2.6253234113883659e+00
241573,4.2201065028136958e+02,2.6253234113883659e+00
241591,4.2201065028136958e+02,2.6253234113883659e+00
241615,4.2201065028136958e+02,2.6253234113883659e+00
241633,4.2201065028136958e+02,2.6253234113883659e+00
241651,4.2201065028136958e+02,2.6253234113883659e+00
241669,4.2201065028136958e+02,2.6253234113883659e+00
241687,4.2201065028136958e+02,2.6253234113883659e+00
241705,4.2201065028136958e+02,2.6253234113883659e+00
241729,4.2201065028136958e+02,2.6253234113883659e+00
241747,4.2201065028136958e+02,2.6253234113883659e+00
241765,4.2201065028136958e+02,2.6253234113883659e+00
241783,4.2201065028136958e+02,2.6253234113883659e+00
241801,4.2201065028136958e+02,2.6253234113883659e+00
241819,4.2201065028136958e+02,2.6253234113883659e+00
241843,4.2201065028136958e+02,2.6253234113883659e+00
241861,4.2201065028136958e+02,2.6253234113883659e+00
241879,4.2201065028136958e+02,2.6253234113883659e+00
241897,4.2201065028136958e+02,2.6253234113883659e+00
241915,4.2201065028136958e+02,2.6253234113883659e+00
241933,4.2201065028136958e+02,2.6253234113883659e+00
241957,4.2201065028136958e+02,2.6253234113883659e+00
241975,4.2201065028136958e+02,2.6253234113883659e+00
241993,4.2201065028136958e+02,2.6253234113883659e+00
242011,4.2201065028136958e+02,2.6253234113883659e+00
242029,4.2201065028136958e+02,2.6253234113883659e+00
242047,4.2201065028136958e+02,2.6253234113883659e+00
242071,4.2133560733493141e+02,2.6246281631753132e+00
242089,4.2133560733493141e+02,2.6246281631753132e+00
242107,4.2133560733493141e+02,2.6246281631753132e+00
242125,4.2133560733493141e+02,2.6246281631753132e+00
242143,4.2133560733493141e+02,2.6246281631753132e+00
242161,4.2133560733493141e+02,2.6246281631753132e+00
242185,4.2133560733493141e+02,2.6246281631753132e+00
242203,4.2133560733493141e+02,2.6246281631753132e+00
242221,4.2133560733493141e+02,2.6246281631753132e+00
242239,4.2133560733493141e+02,2.6246281631753132e+00
242257,4.2133560733493141e+02,2.6246281631753132e+00
242275,4.2133560733493141e+02,2.6246281631753132e+00
242299,4.2133560733493141e+02,2.6246281631753132e+00
242317,4.2133560733493141e+02,2.6246281631753132e+00
242335,4.2133560733493141e+02,2.6246281631753132e+00
242353,4.2133560733493141e+02,2.6246281631753132e+00
242371,4.2133560733493141e+02,2.6246281631753132e+00
242389,4.2133560733493141e+02,2.6246281631753132e+00
242413,4.2133560733493141e+02,2.6246281631753132e+00
242431,4.2133560733493141e+02,2.6246281631753132e+00
242449,4.2133560733493141e+02,2.6246281631753132e+00
242467,4.2133560733493141e+02,2.6246281631753132e+00
242485,4.2133560733493141e+02,2.6246281631753132e+00
242503,4.2133560733493141e+02,2.6246281631753132e+00
242527,4.2133560733493141e+02,2.6246281631753132e+00
242545,4.2133560733493141e+02,2.6246281631753132e+00
242563,4.2133560733493141e+02,2.6246281631753132e+00
242581,4.2133560733493141e+02,2.6246281631753132e+00
242598,4.2133560733493141e+02,2.6246281631753132e+00
242615,4.2133560733493141e+02,2.6246281631753132e+00
242638,4.2133560733493141e+02,2.6246281631753132e+00
242655,4.2133560733493141e+02,2.6246281631753132e+00
242672,4.2133560733493141e+02,2.6246281631753132e+00
242689,4.2133560733493141e+02,2.6246281631753132e+00
242706,4.2133560733493141e+02,2.6246281631753132e+00
242723,4.2133560733493141e+02,2.6246281631753132e+00
242746,4.1629756260150998e+02,2.6194038681247949e+00
242763,4.1629756260150998e+02,2.6194038681247949e+00
242780,4.1629756260150998e+02,2.6194038681247949e+00
242797,4.1629756260150998e+02,2.6194038681247949e+00
242814,4.1629756260150998e+02,2.6194038681247949e+00
242831,4.1629756260150998e+02,2.6194038681247949e+00
242854,4.1154116219484303e+02,2.6144132796942241e+00
242871,4.1154116219484303e+02,2.6144132796942241e+00
242888,4.1154116219484303e+02,2.6144132796942241e+00
242905,4.1154116219484303e+02,2.6144132796942241e+00
242922,4.1154116219484303e+02,2.6144132796942241e+00
242939,4.1154116219484303e+02,2.6144132796942241e+00
242962,4.0815759802974401e+02,2.6108278854898002e+00
242979,4.0815759802974401e+02,2.6108278854898002e+00
242996,4.0815759802974401e+02,2.6108278854898002e+00
243013,4.0815759802974401e+02,2.6108278854898002e+00
243030,4.0815759802974401e+02,2.6108278854898002e+00
243047,4.0815759802974401e+02,2.6108278854898002e+00
243070,4.0404594814352282e+02,2.6064307559286717e+00
243087,4.0404594814352282e+02,2.6064307559286717e+00
243104,4.0404594814352282e+02,2.6064307559286717e+00
243121,4.0404594814352282e+02,2.6064307559286717e+00
243138,4.0404594814352282e+02,2.6064307559286717e+00
243155,4.0404594814352282e+02,2.6064307559286717e+00
243178,4.0404594814352282e+02,2.6064307559286717e+00
243195,4.0404594814352282e+02,2.6064307559286717e+00
243212,4.0404594814352282e+02,2.6064307559286717e+00
243229,4.0404594814352282e+02,2.6064307559286717e+00
243246,4.0404594814352282e+02,2.6064307559286717e+00
243263,4.0404594814352282e+02,2.6064307559286717e+00
243286,4.0392413390334150e+02,2.6062998024344659e+00
243303,4.0392413390334150e+02,2.6062998024344659e+00
243320,4.0392413390334150e+02,2.6062998024344659e+00
243337,4.0392413390334150e+02,2.6062998024344659e+00
243354,4.0392413390334150e+02,2.6062998024344659e+00
243371,4.0392413390334150e+02,2.6062998024344659e+00
243394,4.0392413390334150e+02,2.6062998024344659e+00
243411,4.0392413390334150e+02,2.6062998024344659e+00
243428,4.0392413390334150e+02,2.6062998024344659e+00
243445,4.0392413390334150e+02,2.6062998024344659e+00
243462,4.0392413390334150e+02,2.6062998024344659e+00
243479,4.0392413390334150e+02,2.6062998024344659e+00
243502,3.9880353278876100e+02,2.6007589968408942e+00
243519,3.9880353278876100e+02,2.6007589968408942e+00
243536,3.9880353278876100e+02,2.6007589968408942e+00
243553,3.9880353278876100e+02,2.6007589968408942e+00
243570,3.9880353278876100e+02,2.6007589968408942e+00
243587,3.9880353278876100e+02,2.6007589968408942e+00
243610,3.9880353278876100e+02,2.6007589968408942e+00
243627,3.9880353278876100e+02,2.6007589968408942e+00
243644,3.9880353278876100e+02,2.6007589968408942e+00
243661,3.9880353278876100e+02,2.6007589968408942e+00
243678,3.9880353278876100e+02,2.6007589968408942e+00
243695,3.9880353278876100e+02,2.6007589968408942e+00
243718,3.9880353278876100e+02,2.6007589968408942e+00
243735,3.9880353278876100e+02,2.6007589968408942e+00
243752,3.9880353278876100e+02,2.6007589968408942e+00
243769,3.9880353278876100e+02,2.6007589968408942e+00
243786,3.9880353278876100e+02,2.6007589968408942e+00
243803,3.9880353278876100e+02,2.6007589968408942e+00
243826,3.9880353278876100e+02,2.6007589968408942e+00
243843,3.9880353278876100e+02,2.6007589968408942e+00
243860,3.9880353278876100e+02,2.6007589968408942e+00
243877,3.9880353278876100e+02,2.6007589968408942e+00
243894,3.9880353278876100e+02,2.6007589968408942e+00
243911,3.9880353278876100e+02,2.6007589968408942e+00
243934,3.9880353278876100e+02,2.6007589968408942e+00
243951,3.9880353278876100e+02,2.6007589968408942e+00
243968,3.9880353278876100e+02,2.6007589968408942e+00
243985,3.9880353278876100e+02,2.6007589968408942e+00
244002,3.9880353278876100e+02,2.6007589968408942e+00
244019,3.9880353278876100e+02,2.6007589968408942e+00
244042,3.9862934392314759e+02,2.6005692648482532e+00
244059,3.9862934392314759e+02,2.6005692648482532e+00
244076,3.9862934392314759e+02,2.6005692648482532e+00
244093,3.9862934392314759e+02,2.6005692648482532e+00
244110,3.9862934392314759e+02,2.6005692648482532e+00
244127,3.9862934392314759e+02,2.6005692648482532e+00
244150,3.9862934392314759e+02,2.6005692648482532e+00
244167,3.9862934392314759e+02,2.6005692648482532e+00
244184,3.9862934392314759e+02,2.6005692648482532e+00
244201,3.9862934392314759e+02,2.6005692648482532e+00
244218,3.9862934392314759e+02,2.6005692648482532e+00
244235,3.9862934392314759e+02,2.6005692648482532e+00
244258,3.9862934392314759e+02,2.6005692648482532e+00
244275,3.9862934392314759e+02,2.6005692648482532e+00
244292,3.9862934392314759e+02,2.6005692648482532e+00
244309,3.9862934392314759e+02,2.6005692648482532e+00
244326,3.9862934392314759e+02,2.6005692648482532e+00
244343,3.9862934392314759e+02,2.6005692648482532e+00
244366,3.9862934392314759e+02,2.6005692648482532e+00
244383,3.9862934392314759e+02,2.6005692648482532e+00
244400,3.9862934392314759e+02,2.6005692648482532e+00
244417,3.9862934392314759e+02,2.6005692648482532e+00
244434,3.9862934392314759e+02,2.6005692648482532e+00
244451,3.9862934392314759e+02,2.6005692648482532e+00
244474,3.9862934392314759e+02,2.6005692648482532e+00
244491,3.9862934392314759e+02,2.6005692648482532e+00
244508,3.9862934392314759e+02,2.6005692648482532e+00
244525,3.9862934392314759e+02,2.6005692648482532e+00
244542,3.9862934392314759e+02,2.6005692648482532e+00
244559,3.9862934392314759e+02,2.6005692648482532e+00
244582,3.9862934392314759e+02,2.6005692648482532e+00
244599,3.9862934392314759e+02,2.6005692648482532e+00
244616,3.9862934392314759e+02,2.6005692648482532e+00
244633,3.9862934392314759e+02,2.6005692648482532e+00
244650,3.9862934392314759e+02,2.6005692648482532e+00
244667,3.9862934392314759e+02,2.6005692648482532e+00
244690,3.9862934392314759e+02,2.6005692648482532e+00
244707,3.9862934392314759e+02,2.6005692648482532e+00
244724,3.9862934392314759e+02,2.6005692648482532e+00
244741,3.9862934392314759e+02,2.6005692648482532e+00
244758,3.9862934392314759e+02,2.6005692648482532e+00
244775,3.9862934392314759e+02,2.6005692648482532e+00
244798,3.9862934392314759e+02,2.6005692648482532e+00
244815,3.9862934392314759e+02,2.6005692648482532e+00
244832,3.9862934392314759e+02,2.6005692648482532e+00
244849,3.9862934392314759e+02,2.6005692648482532e+00
244866,3.9862934392314759e+02,2.6005692648482532e+00
244883,3.9862934392314759e+02,2.6005692648482532e+00
244906,3.9862934392314759e+02,2.6005692648482532e+00
244923,3.9862934392314759e+02,2.6005692648482532e+00
244940,3.9862934392314759e+02,2.6005692648482532e+00
244957,3.9862934392314759e+02,2.6005692648482532e+00
244974,3.9862934392314759e+02,2.6005692648482532e+00
244991,3.9862934392314759e+02,2.6005692648482532e+00
245014,3.9862934392314759e+02,2.6005692648482532e+00
245031,3.9862934392314759e+02,2.6005692648482532e+00
245048,3.9862934392314759e+02,2.6005692648482532e+00
245065,3.9862934392314759e+02,2.6005692648482532e+00
245082,3.9862934392314759e+02,2.6005692648482532e+00
245099,3.9862934392314759e+02,2.6005692648482532e+00
245122,3.9862934392314759e+02,2.6005692648482532e+00
245139,3.9862934392314759e+02,2.6005692648482532e+00
245156,3.9862934392314759e+02,2.6005692648482532e+00
245173,3.9862934392314759e+02,2.6005692648482532e+00
245190,3.9862934392314759e+02,2.6005692648482532e+00
245207,3.9862934392314759e+02,2.6005692648482532e+00
245230,3.9862934392314759e+02,2.6005692648482532e+00
245247,3.9862934392314759e+02,2.6005692648482532e+00
245264,3.9862934392314759e+02,2.6005692648482532e+00
245281,3.9862934392314759e+02,2.6005692648482532e+00
245298,3.9862934392314759e+02,2.6005692648482532e+00
245315,3.9862934392314759e+02,2.6005692648482532e+00
245338,3.9862934392314759e+02,2.6005692648482532e+00
245355,3.9862934392314759e+02,2.6005692648482532e+00
245372,3.9862934392314759e+02,2.6005692648482532e+00
245389,3.9862934392314759e+02,2.6005692648482532e+00
245406,3.9862934392314759e+02,2.6005692648482532e+00
245423,3.9862934392314759e+02,2.6005692648482532e+00
245446,3.9862934392314759e+02,2.6005692648482532e+00
245463,3.9862934392314759e+02,2.6005692648482532e+00
245480,3.9862934392314759e+02,2.6005692648482532e+00
245497,3.9862934392314759e+02,2.6005692648482532e+00
245514,3.9862934392314759e+02,2.6005692648482532e+00
245531,3.9862934392314759e+02,2.6005692648482532e+00
245554,3.9862934392314759e+02,2.6005692648482532e+00
245571,3.9862934392314759e+02,2.6005692648482532e+00
245588,3.9862934392314759e+02,2.6005692648482532e+00
245605,3.9862934392314759e+02,2.6005692648482532e+00
245622,3.9862934392314759e+02,2.6005692648482532e+00
245639,3.9862934392314759e+02,2.6005692648482532e+00
245662,3.9862934392314759e+02,2.6005692648482532e+00
245679,3.9862934392314759e+02,2.6005692648482532e+00
245696,3.9862934392314759e+02,2.6005692648482532e+00
245713,3.9862934392314759e+02,2.6005692648482532e+00
245730,3.9862934392314759e+02,2.6005692648482532e+00
245747,3.9862934392314759e+02,2.6005692648482532e+00
245770,3.9862934392314759e+02,2.6005692648482532e+00
245787,3.9862934392314759e+02,2.6005692648482532e+00
245804,3.9862934392314759e+02,2.6005692648482532e+00
245821,3.9862934392314759e+02,2.6005692648482532e+00
245838,3.9862934392314759e+02,2.6005692648482532e+00
245855,3.9862934392314759e+02,2.6005692648482532e+00
245878,3.9862934392314759e+02,2.6005692648482532e+00
245895,3.9862934392314759e+02,2.6005692648482532e+00
245912,3.9862934392314759e+02,2.6005692648482532e+00
245929,3.9862934392314759e+02,2.6005692648482532e+00
245946,3.9862934392314759e+02,2.6005692648482532e+00
245963,3.9862934392314759e+02,2.6005692648482532e+00
245986,3.9862934392314759e+02,2.6005692648482532e+00
246003,3.9862934392314759e+02,2.6005692648482532e+00
246020,3.9862934392314759e+02,2.6005692648482532e+00
246037,3.9862934392314759e+02,2.6005692648482532e+00
246054,3.9862934392314759e+02,2.6005692648482532e+00
246071,3.9862934392314759e+02,2.6005692648482532e+00
246094,3.9862934392314759e+02,2.6005692648482532e+00
246111,3.9862934392314759e+02,2.6005692648482532e+00
246128,3.9862934392314759e+02,2.6005692648482532e+00
246145,3.9862934392314759e+02,2.6005692648482532e+00
246162,3.9862934392314759e+02,2.6005692648482532e+00
246179,3.9862934392314759e+02,2.6005692648482532e+00
246202,3.9862934392314759e+02,2.6005692648482532e+00
246219,3.9862934392314759e+02,2.6005692648482532e+00
246236,3.9862934392314759e+02,2.6005692648482532e+00
246253,3.9862934392314759e+02,2.6005692648482532e+00
246270,3.9862934392314759e+02,2.6005692648482532e+00
246287,3.9862934392314759e+02,2.6005692648482532e+00
246310,3.9862934392314759e+02,2.6005692648482532e+00
246327,3.9862934392314759e+02,2.6005692648482532e+00
246344,3.9862934392314759e+02,2.6005692648482532e+00
246361,3.9862934392314759e+02,2.6005692648482532e+00
246378,3.9862934392314759e+02,2.6005692648482532e+00
246395,3.9862934392314759e+02,2.6005692648482532e+00
246418,3.9862934392314759e+02,2.6005692648482532e+00
246435,3.9862934392314759e+02,2.6005692648482532e+00
246452,3.9862934392314759e+02,2.6005692648482532e+00
246469,3.9862934392314759e+02,2.6005692648482532e+00
246486,3.9862934392314759e+02,2.6005692648482532e+00
246503,3.9862934392314759e+02,2.6005692648482532e+00
246526,3.9862934392314759e+02,2.6005692648482532e+00
246543,3.9862934392314759e+02,2.6005692648482532e+00
246560,3.9862934392314759e+02,2.6005692648482532e+00
246577,3.9862934392314759e+02,2.6005692648482532e+00
246594,3.9862934392314759e+02,2.6005692648482532e+00
246611,3.9862934392314759e+02,2.6005692648482532e+00
246634,3.9862934392314759e+02,2.6005692648482532e+00
246651,3.9862934392314759e+02,2.6005692648482532e+00
246668,3.9862934392314759e+02,2.6005692648482532e+00
246685,3.9862934392314759e+02,2.6005692648482532e+00
246702,3.9862934392314759e+02,2.6005692648482532e+00
246719,3.9862934392314759e+02,2.6005692648482532e+00
246742,3.9862934392314759e+02,2.6005692648482532e+00
246759,3.9862934392314759e+02,2.6005692648482532e+00
246776,3.9862934392314759e+02,2.6005692648482532e+00
246793,3.9862934392314759e+02,2.6005692648482532e+00
246810,3.9862934392314759e+02,2.6005692648482532e+00
246827,3.9862934392314759e+02,2.6005692648482532e+00
246850,3.9862934392314759e+02,2.6005692648482532e+00
246867,3.9862934392314759e+02,2.6005692648482532e+00
246884,3.9862934392314759e+02,2.6005692648482532e+00
246901,3.9862934392314759e+02,2.6005692648482532e+00
246918,3.9862934392314759e+02,2.6005692648482532e+00
246935,3.9862934392314759e+02,2.6005692648482532e+00
246958,3.9862934392314759e+02,2.6005692648482532e+00
246975,3.9862934392314759e+02,2.6005692648482532e+00
246992,3.9862934392314759e+02,2.6005692648482532e+00
247009,3.9862934392314759e+02,2.6005692648482532e+00
247026,3.9862934392314759e+02,2.6005692648482532e+00
247043,3.9862934392314759e+02,2.6005692648482532e+00
247066,3.9862934392314759e+02,2.6005692648482532e+00
247083,3.9862934392314759e+02,2.6005692648482532e+00
247100,3.9862934392314759e+02,2.6005692648482532e+00
247117,3.9862934392314759e+02,2.6005692648482532e+00
247134,3.9862934392314759e+02,2.6005692648482532e+00
247151,3.9862934392314759e+02,2.6005692648482532e+00
247174,3.9862934392314759e+02,2.6005692648482532e+00
247191,3.9862934392314759e+02,2.6005692648482532e+00
247208,3.9862934392314759e+02,2.6005692648482532e+00
247225,3.9862934392314759e+02,2.6005692648482532e+00
247242,3.9862934392314759e+02,2.6005692648482532e+00
247259,3.9862934392314759e+02,2.6005692648482532e+00
247282,3.9862934392314759e+02,2.6005692648482532e+00
247299,3.9862934392314759e+02,2.6005692648482532e+00
247316,3.9862934392314759e+02,2.6005692648482532e+00
247333,3.9862934392314759e+02,2.6005692648482532e+00
247350,3.9862934392314759e+02,2.6005692648482532e+00
247367,3.9862934392314759e+02,2.6005692648482532e+00
247390,3.9862934392314759e+02,2.6005692648482532e+00
247407,3.9862934392314759e+02,2.6005692648482532e+00
247424,3.9862934392314759e+02,2.6005692648482532e+00
247441,3.9862934392314759e+02,2.6005692648482532e+00
247458,3.9862934392314759e+02,2.6005692648482532e+00
247475,3.9862934392314759e+02,2.6005692648482532e+00
247498,3.9862934392314759e+02,2.6005692648482532e+00
247515,3.9862934392314759e+02,2.6005692648482532e+00
247532,3.9862934392314759e+02,2.6005692648482532e+00
247549,3.9862934392314759e+02,2.6005692648482532e+00
247566,3.9862934392314759e+02,2.6005692648482532e+00
247583,3.9862934392314759e+02,2.6005692648482532e+00
247606,3.9862934392314759e+02,2.6005692648482532e+00
247623,3.9862934392314759e+02,2.6005692648482532e+00
247640,3.9862934392314759e+02,2.6005692648482532e+00
247657,3.9862934392314759e+02,2.6005692648482532e+00
247674,3.9862934392314759e+02,2.6005692648482532e+00
247691,3.9862934392314759e+02,2.6005692648482532e+00
247714,3.9862934392314759e+02,2.6005692648482532e+00
247731,3.9862934392314759e+02,2.6005692648482532e+00
247748,3.9862934392314759e+02,2.6005692648482532e+00
247765,3.9862934392314759e+02,2.6005692648482532e+00
247782,3.9862934392314759e+02,2.6005692648482532e+00
247799,3.9862934392314759e+02,2.6005692648482532e+00
247822,3.9862934392314759e+02,2.6005692648482532e+00
247839,3.9862934392314759e+02,2.6005692648482532e+00
247856,3.9862934392314759e+02,2.6005692648482532e+00
247873,3.9862934392314759e+02,2.6005692648482532e+00
247890,3.9862934392314759e+02,2.6005692648482532e+00
247906,3.9862934392314759e+02,2.6005692648482532e+00
247928,3.9862934392314759e+02,2.6005692648482532e+00
247944,3.9862934392314759e+02,2.6005692648482532e+00
247960,3.9862934392314759e+02,2.6005692648482532e+00
247976,3.9862934392314759e+02,2.6005692648482532e+00
247992,3.9862934392314759e+02,2.6005692648482532e+00
248008,3.9862934392314759e+02,2.6005692648482532e+00
248030,3.9862934392314759e+02,2.6005692648482532e+00
248046,3.9862934392314759e+02,2.6005692648482532e+00
248062,3.9862934392314759e+02,2.6005692648482532e+00
248078,3.9862934392314759e+02,2.6005692648482532e+00
248094,3.9862934392314759e+02,2.6005692648482532e+00
248110,3.9862934392314759e+02,2.6005692648482532e+00
248132,3.9862934392314759e+02,2.6005692648482532e+00
248148,3.9862934392314759e+02,2.6005692648482532e+00
248164,3.9862934392314759e+02,2.6005692648482532e+00
248180,3.9862934392314759e+02,2.6005692648482532e+00
248196,3.9862934392314759e+02,2.6005692648482532e+00
248212,3.9862934392314759e+02,2.6005692648482532e+00
248234,3.9862934392314759e+02,2.6005692648482532e+00
248250,3.9862934392314759e+02,2.6005692648482532e+00
248266,3.9862934392314759e+02,2.6005692648482532e+00
248282,3.9862934392314759e+02,2.6005692648482532e+00
248298,3.9862934392314759e+02,2.6005692648482532e+00
248314,3.9862934392314759e+02,2.6005692648482532e+00
248336,3.9862934392314759e+02,2.6005692648482532e+00
248352,3.9862934392314759e+02,2.6005692648482532e+00
248368,3.9862934392314759e+02,2.6005692648482532e+00
248384,3.9862934392314759e+02,2.6005692648482532e+00
248400,3.9862934392314759e+02,2.6005692648482532e+00
248416,3.9862934392314759e+02,2.6005692648482532e+00
248438,3.9843733290824639e+02,2.6003600243210219e+00
248454,3.9843733290824639e+02,2.6003600243210219e+00
248470,3.9843733290824639e+02,2.6003600243210219e+00
248486,3.9843733290824639e+02,2.6003600243210219e+00
248502,3.9843733290824639e+02,2.6003600243210219e+00
248518,3.9843733290824639e+02,2.6003600243210219e+00
248540,3.9363774061440648e+02,2.5950967303965533e+00
248556,3.9363774061440648e+02,2.5950967303965533e+00
248572,3.9363774061440648e+02,2.5950967303965533e+00
248588,3.9363774061440648e+02,2.5950967303965533e+00
248604,3.9363774061440648e+02,2.5950967303965533e+00
248620,3.9363774061440648e+02,2.5950967303965533e+00
248642,3.9363774061440648e+02,2.5950967303965533e+00
248658,3.9363774061440648e+02,2.5950967303965533e+00
248674,3.9363774061440648e+02,2.5950967303965533e+00
248690,3.9363774061440648e+02,2.5950967303965533e+00
248706,3.9363774061440648e+02,2.5950967303965533e+00
248722,3.9363774061440648e+02,2.5950967303965533e+00
248744,3.9363774061440648e+02,2.5950967303965533e+00
248760,3.9363774061440648e+02,2.5950967303965533e+00
248776,3.9363774061440648e+02,2.5950967303965533e+00
248792,3.9363774061440648e+02,2.5950967303965533e+00
248808,3.9363774061440648e+02,2.5950967303965533e+00
248824,3.9363774061440648e+02,2.5950967303965533e+00
248846,3.9363774061440648e+02,2.5950967303965533e+00
248862,3.9363774061440648e+02,2.5950967303965533e+00
248878,3.9363774061440648e+02,2.5950967303965533e+00
248894,3.9363774061440648e+02,2.5950967303965533e+00
248910,3.9363774061440648e+02,2.5950967303965533e+00
248926,3.9363774061440648e+02,2.5950967303965533e+00
248948,3.9363774061440648e+02,2.5950967303965533e+00
248964,3.9363774061440648e+02,2.5950967303965533e+00
248980,3.9363774061440648e+02,2.5950967303965533e+00
248996,3.9363774061440648e+02,2.5950967303965533e+00
249012,3.9363774061440648e+02,2.5950967303965533e+00
249028,3.9363774061440648e+02,2.5950967303965533e+00
249050,3.9363774061440648e+02,2.5950967303965533e+00
249066,3.9363774061440648e+02,2.5950967303965533e+00
249082,3.9363774061440648e+02,2.5950967303965533e+00
249098,3.9363774061440648e+02,2.5950967303965533e+00
249114,3.9363774061440648e+02,2.5950967303965533e+00
249130,3.9363774061440648e+02,2.5950967303965533e+00
249152,3.9357780289025231e+02,2.5950305969897038e+00
249168,3.9357780289025231e+02,2.5950305969897038e+00
249184,3.9357780289025231e+02,2.5950305969897038e+00
249200,3.9357780289025231e+02,2.5950305969897038e+00
249216,3.9357780289025231e+02,2.5950305969897038e+00
249232,3.9357780289025231e+02,2.5950305969897038e+00
249254,3.9357780289025231e+02,2.5950305969897038e+00
249270,3.9357780289025231e+02,2.5950305969897038e+00
249286,3.9357780289025231e+02,2.5950305969897038e+00
249302,3.9357780289025231e+02,2.5950305969897038e+00
249318,3.9357780289025231e+02,2.5950305969897038e+00
249334,3.9357780289025231e+02,2.5950305969897038e+00
249356,3.9357780289025231e+02,2.5950305969897038e+00
249372,3.9357780289025231e+02,2.5950305969897038e+00
249388,3.9357780289025231e+02,2.5950305969897038e+00
249404,3.9357780289025231e+02,2.5950305969897038e+00
249420,3.9357780289025231e+02,2.5950305969897038e+00
249436,3.9357780289025231e+02,2.5950305969897038e+00
249458,3.9357780289025231e+02,2.5950305969897038e+00
249474,3.9357780289025231e+02,2.5950305969897038e+00
249490,3.9357780289025231e+02,2.5950305969897038e+00
249506,3.9357780289025231e+02,2.5950305969897038e+00
249522,3.9357780289025231e+02,2.5950305969897038e+00
249538,3.9357780289025231e+02,2.5950305969897038e+00
249560,3.9227762463725298e+02,2.5935935368480996e+00
249576,3.9227762463725298e+02,2.5935935368480996e+00
249592,3.9227762463725298e+02,2.5935935368480996e+00
249608,3.9227762463725298e+02,2.5935935368480996e+00
249624,3.9227762463725298e+02,2.5935935368480996e+00
249640,3.9227762463725298e+02,2.5935935368480996e+00
249662,3.9227762463725298e+02,2.5935935368480996e+00
249678,3.9227762463725298e+02,2.5935935368480996e+00
249694,3.9227762463725298e+02,2.5935935368480996e+00
249710,3.9227762463725298e+02,2.5935935368480996e+00
249726,3.9227762463725298e+02,2.5935935368480996e+00
249742,3.9227762463725298e+02,2.5935935368480996e+00
249764,3.9227762463725298e+02,2.5935935368480996e+00
249780,3.9227762463725298e+02,2.5935935368480996e+00
249796,3.9227762463725298e+02,2.5935935368480996e+00
249812,3.9227762463725298e+02,2.5935935368480996e+00
249828,3.9227762463725298e+02,2.5935935368480996e+00
249844,3.9227762463725298e+02,2.5935935368480996e+00
249866,3.9227762463725298e+02,2.5935935368480996e+00
249882,3.9227762463725298e+02,2.5935935368480996e+00
249898,3.9227762463725298e+02,2.5935935368480996e+00
249914,3.9227762463725298e+02,2.5935935368480996e+00
249930,3.9227762463725298e+02,2.5935935368480996e+00
249946,3.9227762463725298e+02,2.5935935368480996e+00
249968,3.9227762463725298e+02,2.5935935368480996e+00
249984,3.9227762463725298e+02,2.5935935368480996e+00
250000,3.9227762463725298e+02,2.5935935368480996e+00
250016,3.9227762463725298e+02,2.5935935368480996e+00
250032,3.9227762463725298e+02,2.5935935368480996e+00
250048,3.9227762463725298e+02,2.5935935368480996e+00
250070,3.9227762463725298e+02,2.5935935368480996e+00
250086,3.9227762463725298e+02,2.5935935368480996e+00
250102,3.9227762463725298e+02,2.5935935368480996e+00
250118,3.9227762463725298e+02,2.5935935368480996e+00
250134,3.9227762463725298e+02,2.5935935368480996e+00
250150,3.9227762463725298e+02,2.5935935368480996e+00
250172,3.9227762463725298e+02,2.5935935368480996e+00
250188,3.9227762463725298e+02,2.5935935368480996e+00
250204,3.9227762463725298e+02,2.5935935368480996e+00
250220,3.9227762463725298e+02,2.5935935368480996e+00
250236,3.9227762463725298e+02,2.5935935368480996e+00
250252,3.9227762463725298e+02,2.5935935368480996e+00
250274,3.9227762463725298e+02,2.5935935368480996e+00
250290,3.9227762463725298e+02,2.5935935368480996e+00
250306,3.9227762463725298e+02,2.5935935368480996e+00
250322,3.9227762463725298e+02,2.5935935368480996e+00
250338,3.9227762463725298e+02,2.5935935368480996e+00
250354,3.9227762463725298e+02,2.5935935368480996e+00
250376,3.9227762463725298e+02,2.5935935368480996e+00
250392,3.9227762463725298e+02,2.5935935368480996e+00
250408,3.9227762463725298e+02,2.5935935368480996e+00
250424,3.9227762463725298e+02,2.5935935368480996e+00
250440,3.9227762463725298e+02,2.5935935368480996e+00
250456,3.9227762463725298e+02,2.5935935368480996e+00
250478,3.9227762463725298e+02,2.5935935368480996e+00
250494,3.9227762463725298e+02,2.5935935368480996e+00
250510,3.9227762463725298e+02,2.5935935368480996e+00
250526,3.9227762463725298e+02,2.5935935368480996e+00
250542,3.9227762463725298e+02,2.5935935368480996e+00
250558,3.9227762463725298e+02,2.5935935368480996e+00
250580,3.9227762463725298e+02,2.5935935368480996e+00
250596,3.9227762463725298e+02,2.5935935368480996e+00
250612,3.9227762463725298e+02,2.5935935368480996e+00
250628,3.9227762463725298e+02,2.5935935368480996e+00
250644,3.9227762463725298e+02,2.5935935368480996e+00
250660,3.9227762463725298e+02,2.5935935368480996e+00
250682,3.9227762463725298e+02,2.5935935368480996e+00
250698,3.9227762463725298e+02,2.5935935368480996e+00
250714,3.9227762463725298e+02,2.5935935368480996e+00
250730,3.9227762463725298e+02,2.5935935368480996e+00
250746,3.9227762463725298e+02,2.5935935368480996e+00
250762,3.9227762463725298e+02,2.5935935368480996e+00
250784,3.9227762463725298e+02,2.5935935368480996e+00
250800,3.9227762463725298e+02,2.5935935368480996e+00
250816,3.9227762463725298e+02,2.5935935368480996e+00
250832,3.9227762463725298e+02,2.5935935368480996e+00
250848,3.9227762463725298e+02,2.5935935368480996e+00
250864,3.9227762463725298e+02,2.5935935368480996e+00
250886,3.9227762463725298e+02,2.5935935368480996e+00
250902,3.9227762463725298e+02,2.5935935368480996e+00
250918,3.9227762463725298e+02,2.5935935368480996e+00
250934,3.9227762463725298e+02,2.5935935368480996e+00
250950,3.9227762463725298e+02,2.5935935368480996e+00
250966,3.9227762463725298e+02,2.5935935368480996e+00
250988,3.9227762463725298e+02,2.5935935368480996e+00
251004,3.9227762463725298e+02,2.5935935368480996e+00
251020,3.9227762463725298e+02,2.5935935368480996e+00
251036,3.9227762463725298e+02,2.5935935368480996e+00
251052,3.9227762463725298e+02,2.5935935368480996e+00
251068,3.9227762463725298e+02,2.5935935368480996e+00
251090,3.9227762463725298e+02,2.5935935368480996e+00
251106,3.9227762463725298e+02,2.5935935368480996e+00
251122,3.9227762463725298e+02,2.5935935368480996e+00
251138,3.9227762463725298e+02,2.5935935368480996e+00
251154,3.9227762463725298e+02,2.5935935368480996e+00
251170,3.9227762463725298e+02,2.5935935368480996e+00
251192,3.9227762463725298e+02,2.5935935368480996e+00
251208,3.9227762463725298e+02,2.5935935368480996e+00
251224,3.9227762463725298e+02,2.5935935368480996e+00
251240,3.9227762463725298e+02,2.5935935368480996e+00
251256,3.9227762463725298e+02,2.5935935368480996e+00
251272,3.9227762463725298e+02,2.5935935368480996e+00
251294,3.9227762463725298e+02,2.5935935368480996e+00
251310,3.9227762463725298e+02,2.5935935368480996e+00
251326,3.9227762463725298e+02,2.5935935368480996e+00
251342,3.9227762463725298e+02,2.5935935368480996e+00
251358,3.9227762463725298e+02,2.5935935368480996e+00
251374,3.9227762463725298e+02,2.5935935368480996e+00
251396,3.9227762463725298e+02,2.5935935368480996e+00
251412,3.9227762463725298e+02,2.5935935368480996e+00
251428,3.9227762463725298e+02,2.5935935368480996e+00
251444,3.9227762463725298e+02,2.5935935368480996e+00
251460,3.9227762463725298e+02,2.5935935368480996e+00
251476,3.9227762463725298e+02,2.5935935368480996e+00
251498,3.9212951153595583e+02,2.5934295283877247e+00
251514,3.9212951153595583e+02,2.5934295283877247e+00
251530,3.9212951153595583e+02,2.5934295283877247e+00
251546,3.9212951153595583e+02,2.5934295283877247e+00
251562,3.9212951153595583e+02,2.5934295283877247e+00
251578,3.9212951153595583e+02,2.5934295283877247e+00
251600,3.9212951153595583e+02,2.5934295283877247e+00
251616,3.9212951153595583e+02,2.5934295283877247e+00
251632,3.9212951153595583e+02,2.5934295283877247e+00
251648,3.9212951153595583e+02,2.5934295283877247e+00
251664,3.9212951153595583e+02,2.5934295283877247e+00
251680,3.9212951153595583e+02,2.5934295283877247e+00
251702,3.9212951153595583e+02,2.5934295283877247e+00
251718,3.9212951153595583e+02,2.5934295283877247e+00
251734,3.9212951153595583e+02,2.5934295283877247e+00
251750,3.9212951153595583e+02,2.5934295283877247e+00
251766,3.9212951153595583e+02,2.5934295283877247e+00
251782,3.9212951153595583e+02,2.5934295283877247e+00
251804,3.9185787228581898e+02,2.5931285760138523e+00
251820,3.9185787228581898e+02,2.5931285760138523e+00
251836,3.9185787228581898e+02,2.5931285760138523e+00
251852,3.9185787228581898e+02,2.5931285760138523e+00
251868,3.9185787228581898e+02,2.5931285760138523e+00
251884,3.9185787228581898e+02,2.5931285760138523e+00
251906,3.9185787228581898e+02,2.5931285760138523e+00
251922,3.9185787228581898e+02,2.5931285760138523e+00
251938,3.9185787228581898e+02,2.5931285760138523e+00
251954,3.9185787228581898e+02,2.5931285760138523e+00
251970,3.9185787228581898e+02,2.5931285760138523e+00
251986,3.9185787228581898e+02,2.5931285760138523e+00
252008,3.9185787228581898e+02,2.5931285760138523e+00
252024,3.9185787228581898e+02,2.5931285760138523e+00
252040,3.9185787228581898e+02,2.5931285760138523e+00
252056,3.9185787228581898e+02,2.5931285760138523e+00
252072,3.9185787228581898e+02,2.5931285760138523e+00
252088,3.9185787228581898e+02,2.5931285760138523e+00
252110,3.9139396372900728e+02,2.5926141234696614e+00
252126,3.9139396372900728e+02,2.5926141234696614e+00
252142,3.9139396372900728e+02,2.5926141234696614e+00
252158,3.9139396372900728e+02,2.5926141234696614e+00
252174,3.9139396372900728e+02,2.5926141234696614e+00
252190,3.9139396372900728e+02,2.5926141234696614e+00
252212,3.9139396372900728e+02,2.5926141234696614e+00
252228,3.9139396372900728e+02,2.5926141234696614e+00
252244,3.9139396372900728e+02,2.5926141234696614e+00
252260,3.9139396372900728e+02,2.5926141234696614e+00
252276,3.9139396372900728e+02,2.5926141234696614e+00
252292,3.9139396372900728e+02,2.5926141234696614e+00
252314,3.8458072300625957e+02,2.5849875115669829e+00
252330,3.8458072300625957e+02,2.5849875115669829e+00
252346,3.8458072300625957e+02,2.5849875115669829e+00
252362,3.8458072300625957e+02,2.5849875115669829e+00
252378,3.8458072300625957e+02,2.5849875115669829e+00
252394,3.8458072300625957e+02,2.5849875115669829e+00
252416,3.8458072300625957e+02,2.5849875115669829e+00
252432,3.8458072300625957e+02,2.5849875115669829e+00
252448,3.8458072300625957e+02,2.5849875115669829e+00
252464,3.8458072300625957e+02,2.5849875115669829e+00
252480,3.8458072300625957e+02,2.5849875115669829e+00
252496,3.8458072300625957e+02,2.5849875115669829e+00
252518,3.8405702070240801e+02,2.5843957085810412e+00
252534,3.8405702070240801e+02,2.5843957085810412e+00
252550,3.8405702070240801e+02,2.5843957085810412e+00
252566,3.8405702070240801e+02,2.5843957085810412e+00
252582,3.8405702070240801e+02,2.5843957085810412e+00
252598,3.8405702070240801e+02,2.5843957085810412e+00
252620,3.8405702070240801e+02,2.5843957085810412e+00
252636,3.8405702070240801e+02,2.5843957085810412e+00
252652,3.8405702070240801e+02,2.5843957085810412e+00
252668,3.8405702070240801e+02,2.5843957085810412e+00
252684,3.8405702070240801e+02,2.5843957085810412e+00
252700,3.8405702070240801e+02,2.5843957085810412e+00
252722,3.8405702070240801e+02,2.5843957085810412e+00
252738,3.8405702070240801e+02,2.5843957085810412e+00
252754,3.8405702070240801e+02,2.5843957085810412e+00
252770,3.8405702070240801e+02,2.5843957085810412e+00
252786,3.8405702070240801e+02,2.5843957085810412e+00
252802,3.8405702070240801e+02,2.5843957085810412e+00
252824,3.8405702070240801e+02,2.5843957085810412e+00
252840,3.8405702070240801e+02,2.5843957085810412e+00
252856,3.8405702070240801e+02,2.5843957085810412e+00
252872,3.8405702070240801e+02,2.5843957085810412e+00
252888,3.8405702070240801e+02,2.5843957085810412e+00
252904,3.8405702070240801e+02,2.5843957085810412e+00
252926,3.8405702070240801e+02,2.5843957085810412e+00
252942,3.8405702070240801e+02,2.5843957085810412e+00
252958,3.8405702070240801e+02,2.5843957085810412e+00
252974,3.8405702070240801e+02,2.5843957085810412e+00
252990,3.8405702070240801e+02,2.5843957085810412e+00
253006,3.8405702070240801e+02,2.5843957085810412e+00
253028,3.8405702070240801e+02,2.5843957085810412e+00
253044,3.8405702070240801e+02,2.5843957085810412e+00
253060,3.8405702070240801e+02,2.5843957085810412e+00
253076,3.8405702070240801e+02,2.5843957085810412e+00
253092,3.8405702070240801e+02,2.5843957085810412e+00
253108,3.8405702070240801e+02,2.5843957085810412e+00
253130,3.8405702070240801e+02,2.5843957085810412e+00
253146,3.8405702070240801e+02,2.5843957085810412e+00
253162,3.8405702070240801e+02,2.5843957085810412e+00
253178,3.8405702070240801e+02,2.5843957085810412e+00
253194,3.8405702070240801e+02,2.5843957085810412e+00
253210,3.8405702070240801e+02,2.5843957085810412e+00
253232,3.8405702070240801e+02,2.5843957085810412e+00
253248,3.8405702070240801e+02,2.5843957085810412e+00
253264,3.8405702070240801e+02,2.5843957085810412e+00
253280,3.8405702070240801e+02,2.5843957085810412e+00
253296,3.8405702070240801e+02,2.5843957085810412e+00
253312,3.8405702070240801e+02,2.5843957085810412e+00
253334,3.8052655131012762e+02,2.5803849651412158e+00
253350,3.8052655131012762e+02,2.5803849651412158e+00
253366,3.8052655131012762e+02,2.5803849651412158e+00
253382,3.8052655131012762e+02,2.5803849651412158e+00
253398,3.8052655131012762e+02,2.5803849651412158e+00
253414,3.8052655131012762e+02,2.5803849651412158e+00
253436,3.8052655131012762e+02,2.5803849651412158e+00
253452,3.8052655131012762e+02,2.5803849651412158e+00
253468,3.8052655131012762e+02,2.5803849651412158e+00
253484,3.8052655131012762e+02,2.5803849651412158e+00
253500,3.8052655131012762e+02,2.5803849651412158e+00
253516,3.8052655131012762e+02,2.5803849651412158e+00
253538,3.8052655131012762e+02,2.5803849651412158e+00
253554,3.8052655131012762e+02,2.5803849651412158e+00
253570,3.8052655131012762e+02,2.5803849651412158e+00
253586,3.8052655131012762e+02,2.5803849651412158e+00
253602,3.8052655131012762e+02,2.5803849651412158e+00
253618,3.8052655131012762e+02,2.5803849651412158e+00
253640,3.8052655131012762e+02,2.5803849651412158e+00
253656,3.8052655131012762e+02,2.5803849651412158e+00
253672,3.8052655131012762e+02,2.5803849651412158e+00
253688,3.8052655131012762e+02,2.5803849651412158e+00
253704,3.8052655131012762e+02,2.5803849651412158e+00
253720,3.8052655131012762e+02,2.5803849651412158e+00
253742,3.8052655131012762e+02,2.5803849651412158e+00
253758,3.8052655131012762e+02,2.5803849651412158e+00
253774,3.8052655131012762e+02,2.5803849651412158e+00
253790,3.8052655131012762e+02,2.5803849651412158e+00
253806,3.8052655131012762e+02,2.5803849651412158e+00
253822,3.8052655131012762e+02,2.5803849651412158e+00
253844,3.8052655131012762e+02,2.5803849651412158e+00
253860,3.8052655131012762e+02,2.5803849651412158e+00
253875,3.8052655131012762e+02,2.5803849651412158e+00
253890,3.8052655131012762e+02,2.5803849651412158e+00
253905,3.8052655131012762e+02,2.5803849651412158e+00
253920,3.8052655131012762e+02,2.5803849651412158e+00
253941,3.8052655131012762e+02,2.5803849651412158e+00
253956,3.8052655131012762e+02,2.5803849651412158e+00
253971,3.8052655131012762e+02,2.5803849651412158e+00
253986,3.8052655131012762e+02,2.5803849651412158e+00
254001,3.8052655131012762e+02,2.5803849651412158e+00
254016,3.8052655131012762e+02,2.5803849651412158e+00
254037,3.8052655131012762e+02,2.5803849651412158e+00
254052,3.8052655131012762e+02,2.5803849651412158e+00
254067,3.8052655131012762e+02,2.5803849651412158e+00
254082,3.8052655131012762e+02,2.5803849651412158e+00
254097,3.8052655131012762e+02,2.5803849651412158e+00
254112,3.8052655131012762e+02,2.5803849651412158e+00
254133,3.8052655131012762e+02,2.5803849651412158e+00
254148,3.8052655131012762e+02,2.5803849651412158e+00
254163,3.8052655131012762e+02,2.5803849651412158e+00
254178,3.8052655131012762e+02,2.5803849651412158e+00
254193,3.8052655131012762e+02,2.5803849651412158e+00
254208,3.8052655131012762e+02,2.5803849651412158e+00
254229,3.8052655131012762e+02,2.5803849651412158e+00
254244,3.8052655131012762e+02,2.5803849651412158e+00
254259,3.8052655131012762e+02,2.5803849651412158e+00
254274,3.8052655131012762e+02,2.5803849651412158e+00
254289,3.8052655131012762e+02,2.5803849651412158e+00
254304,3.8052655131012762e+02,2.5803849651412158e+00
254325,3.8052655131012762e+02,2.5803849651412158e+00
254340,3.8052655131012762e+02,2.5803849651412158e+00
254355,3.8052655131012762e+02,2.5803849651412158e+00
254370,3.8052655131012762e+02,2.5803849651412158e+00
254385,3.8052655131012762e+02,2.5803849651412158e+00
254400,3.8052655131012762e+02,2.5803849651412158e+00
254421,3.8035104552564331e+02,2.5801846144004070e+00
254436,3.8035104552564331e+02,2.5801846144004070e+00
254451,3.8035104552564331e+02,2.5801846144004070e+00
254466,3.8035104552564331e+02,2.5801846144004070e+00
254481,3.8035104552564331e+02,2.5801846144004070e+00
254496,3.8035104552564331e+02,2.5801846144004070e+00
254517,3.8035104552564331e+02,2.5801846144004070e+00
254532,3.8035104552564331e+02,2.5801846144004070e+00
254547,3.8035104552564331e+02,2.5801846144004070e+00
254562,3.8035104552564331e+02,2.5801846144004070e+00
254577,3.8035104552564331e+02,2.5801846144004070e+00
254592,3.8035104552564331e+02,2.5801846144004070e+00
254613,3.8035104552564331e+02,2.5801846144004070e+00
254628,3.8035104552564331e+02,2.5801846144004070e+00
254643,3.8035104552564331e+02,2.5801846144004070e+00
254658,3.8035104552564331e+02,2.5801846144004070e+00
254673,3.8035104552564331e+02,2.5801846144004070e+00
254688,3.8035104552564331e+02,2.5801846144004070e+00
254709,3.8035104552564331e+02,2.5801846144004070e+00
254724,3.8035104552564331e+02,2.5801846144004070e+00
254739,3.8035104552564331e+02,2.5801846144004070e+00
254754,3.8035104552564331e+02,2.5801846144004070e+00
254769,3.8035104552564331e+02,2.5801846144004070e+00
254784,3.8035104552564331e+02,2.5801846144004070e+00
254805,3.8028957412552103e+02,2.5801144191222787e+00
254820,3.8028957412552103e+02,2.5801144191222787e+00
254835,3.8028957412552103e+02,2.5801144191222787e+00
254850,3.8028957412552103e+02,2.5801144191222787e+00
254865,3.8028957412552103e+02,2.5801144191222787e+00
254880,3.8028957412552103e+02,2.5801144191222787e+00
254901,3.8028957412552103e+02,2.5801144191222787e+00
254916,3.8028957412552103e+02,2.5801144191222787e+00
254931,3.8028957412552103e+02,2.5801144191222787e+00
254946,3.8028957412552103e+02,2.5801144191222787e+00
254961,3.8028957412552103e+02,2.5801144191222787e+00
254976,3.8028957412552103e+02,2.5801144191222787e+00
254997,3.8028957412552103e+02,2.5801144191222787e+00
255012,3.8028957412552103e+02,2.5801144191222787e+00
255027,3.8028957412552103e+02,2.5801144191222787e+00
255042,3.8028957412552103e+02,2.5801144191222787e+00
255057,3.8028957412552103e+02,2.5801144191222787e+00
255072,3.8028957412552103e+02,2.5801144191222787e+00
255093,3.8028957412552103e+02,2.5801144191222787e+00
255108,3.8028957412552103e+02,2.5801144191222787e+00
255123,3.8028957412552103e+02,2.5801144191222787e+00
255138,3.8028957412552103e+02,2.5801144191222787e+00
255153,3.8028957412552103e+02,2.5801144191222787e+00
255168,3.8028957412552103e+02,2.5801144191222787e+00
255189,3.8028957412552103e+02,2.5801144191222787e+00
255204,3.8028957412552103e+02,2.5801144191222787e+00
255219,3.8028957412552103e+02,2.5801144191222787e+00
255234,3.8028957412552103e+02,2.5801144191222787e+00
255249,3.8028957412552103e+02,2.5801144191222787e+00
255264,3.8028957412552103e+02,2.5801144191222787e+00
255285,3.8028957412552103e+02,2.5801144191222787e+00
255300,3.8028957412552103e+02,2.5801144191222787e+00
255315,3.8028957412552103e+02,2.5801144191222787e+00
255330,3.8028957412552103e+02,2.5801144191222787e+00
255345,3.8028957412552103e+02,2.5801144191222787e+00
255360,3.8028957412552103e+02,2.5801144191222787e+00
255381,3.8028957412552103e+02,2.5801144191222787e+00
255396,3.8028957412552103e+02,2.5801144191222787e+00
255411,3.8028957412552103e+02,2.5801144191222787e+00
255426,3.8028957412552103e+02,2.5801144191222787e+00
255441,3.8028957412552103e+02,2.5801144191222787e+00
255456,3.8028957412552103e+02,2.5801144191222787e+00
255477,3.8028957412552103e+02,2.5801144191222787e+00
255492,3.8028957412552103e+02,2.5801144191222787e+00
255507,3.8028957412552103e+02,2.5801144191222787e+00
255522,3.8028957412552103e+02,2.5801144191222787e+00
255537,3.8028957412552103e+02,2.5801144191222787e+00
255552,3.8028957412552103e+02,2.5801144191222787e+00
255573,3.8028957412552103e+02,2.5801144191222787e+00
255588,3.8028957412552103e+02,2.5801144191222787e+00
255603,3.8028957412552103e+02,2.5801144191222787e+00
255618,3.8028957412552103e+02,2.5801144191222787e+00
255633,3.8028957412552103e+02,2.5801144191222787e+00
255648,3.8028957412552103e+02,2.5801144191222787e+00
255669,3.8028957412552103e+02,2.5801144191222787e+00
255684,3.8028957412552103e+02,2.5801144191222787e+00
255699,3.8028957412552103e+02,2.5801144191222787e+00
255714,3.8028957412552103e+02,2.5801144191222787e+00
255729,3.8028957412552103e+02,2.5801144191222787e+00
255744,3.8028957412552103e+02,2.5801144191222787e+00
255765,3.8026300469247701e+02,2.5800840755050602e+00
255780,3.8026300469247701e+02,2.5800840755050602e+00
255795,3.8026300469247701e+02,2.5800840755050602e+00
255810,3.8026300469247701e+02,2.5800840755050602e+00
255825,3.8026300469247701e+02,2.5800840755050602e+00
255840,3.8026300469247701e+02,2.5800840755050602e+00
255861,3.8026300469247701e+02,2.5800840755050602e+00
255876,3.8026300469247701e+02,2.5800840755050602e+00
255891,3.8026300469247701e+02,2.5800840755050602e+00
255906,3.8026300469247701e+02,2.5800840755050602e+00
255921,3.8026300469247701e+02,2.5800840755050602e+00
255936,3.8026300469247701e+02,2.5800840755050602e+00
255957,3.8026300469247701e+02,2.5800840755050602e+00
255972,3.8026300469247701e+02,2.5800840755050602e+00
255987,3.8026300469247701e+02,2.5800840755050602e+00
256002,3.8026300469247701e+02,2.5800840755050602e+00
256017,3.8026300469247701e+02,2.5800840755050602e+00
256032,3.8026300469247701e+02,2.5800840755050602e+00
256053,3.8026300469247701e+02,2.5800840755050602e+00
256068,3.8026300469247701e+02,2.5800840755050602e+00
256083,3.8026300469247701e+02,2.5800840755050602e+00
256098,3.8026300469247701e+02,2.5800840755050602e+00
256113,3.8026300469247701e+02,2.5800840755050602e+00
256128,3.8026300469247701e+02,2.5800840755050602e+00
256149,3.8026300469247701e+02,2.5800840755050602e+00
256164,3.8026300469247701e+02,2.5800840755050602e+00
256179,3.8026300469247701e+02,2.5800840755050602e+00
256194,3.8026300469247701e+02,2.5800840755050602e+00
256209,3.8026300469247701e+02,2.5800840755050602e+00
256224,3.8026300469247701e+02,2.5800840755050602e+00
256245,3.8026300469247701e+02,2.5800840755050602e+00
256260,3.8026300469247701e+02,2.5800840755050602e+00
256275,3.8026300469247701e+02,2.5800840755050602e+00
256290,3.8026300469247701e+02,2.5800840755050602e+00
256305,3.8026300469247701e+02,2.5800840755050602e+00
256320,3.8026300469247701e+02,2.5800840755050602e+00
256341,3.8026300469247701e+02,2.5800840755050602e+00
256356,3.8026300469247701e+02,2.5800840755050602e+00
256371,3.8026300469247701e+02,2.5800840755050602e+00
256386,3.8026300469247701e+02,2.5800840755050602e+00
256401,3.8026300469247701e+02,2.5800840755050602e+00
256416,3.8026300469247701e+02,2.5800840755050602e+00
256437,3.8026300469247701e+02,2.5800840755050602e+00
256452,3.8026300469247701e+02,2.5800840755050602e+00
256467,3.8026300469247701e+02,2.5800840755050602e+00
256482,3.8026300469247701e+02,2.5800840755050602e+00
256497,3.8026300469247701e+02,2.5800840755050602e+00
256512,3.8026300469247701e+02,2.5800840755050602e+00
256533,3.8026300469247701e+02,2.5800840755050602e+00
256548,3.8026300469247701e+02,2.5800840755050602e+00
256563,3.8026300469247701e+02,2.5800840755050602e+00
256578,3.8026300469247701e+02,2.5800840755050602e+00
256593,3.8026300469247701e+02,2.5800840755050602e+00
256608,3.8026300469247701e+02,2.5800840755050602e+00
256629,3.8026300469247701e+02,2.5800840755050602e+00
256644,3.8026300469247701e+02,2.5800840755050602e+00
256659,3.8026300469247701e+02,2.5800840755050602e+00
256674,3.8026300469247701e+02,2.5800840755050602e+00
256689,3.8026300469247701e+02,2.5800840755050602e+00
256704,3.8026300469247701e+02,2.5800840755050602e+00
256725,3.8020801024488497e+02,2.5800212623676835e+00
256740,3.8020801024488497e+02,2.5800212623676835e+00
256755,3.8020801024488497e+02,2.5800212623676835e+00
256770,3.8020801024488497e+02,2.5800212623676835e+00
256785,3.8020801024488497e+02,2.5800212623676835e+00
256800,3.8020801024488497e+02,2.5800212623676835e+00
256821,3.8020801024488497e+02,2.5800212623676835e+00
256836,3.8020801024488497e+02,2.5800212623676835e+00
256851,3.8020801024488497e+02,2.5800212623676835e+00
256866,3.8020801024488497e+02,2.5800212623676835e+00
256881,3.8020801024488497e+02,2.5800212623676835e+00
256896,3.8020801024488497e+02,2.5800212623676835e+00
256917,3.8020801024488497e+02,2.5800212623676835e+00
256932,3.8020801024488497e+02,2.5800212623676835e+00
256947,3.8020801024488497e+02,2.5800212623676835e+00
256962,3.8020801024488497e+02,2.5800212623676835e+00
256977,3.8020801024488497e+02,2.5800212623676835e+00
256992,3.8020801024488497e+02,2.5800212623676835e+00
257013,3.8020801024488497e+02,2.5800212623676835e+00
257028,3.8020801024488497e+02,2.5800212623676835e+00
257043,3.8020801024488497e+02,2.5800212623676835e+00
257058,3.8020801024488497e+02,2.5800212623676835e+00
257073,3.8020801024488497e+02,2.5800212623676835e+00
257088,3.8020801024488497e+02,2.5800212623676835e+00
257109,3.8020801024488497e+02,2.5800212623676835e+00
257124,3.8020801024488497e+02,2.5800212623676835e+00
257139,3.8020801024488497e+02,2.5800212623676835e+00
257154,3.8020801024488497e+02,2.5800212623676835e+00
257169,3.8020801024488497e+02,2.5800212623676835e+00
257184,3.8020801024488497e+02,2.5800212623676835e+00
257205,3.8020801024488497e+02,2.5800212623676835e+00
257220,3.8020801024488497e+02,2.5800212623676835e+00
257235,3.8020801024488497e+02,2.5800212623676835e+00
257250,3.8020801024488497e+02,2.5800212623676835e+00
257265,3.8020801024488497e+02,2.5800212623676835e+00
257280,3.8020801024488497e+02,2.5800212623676835e+00
257301,3.8020801024488497e+02,2.5800212623676835e+00
257316,3.8020801024488497e+02,2.5800212623676835e+00
257331,3.8020801024488497e+02,2.5800212623676835e+00
257346,3.8020801024488497e+02,2.5800212623676835e+00
257361,3.8020801024488497e+02,2.5800212623676835e+00
257376,3.8020801024488497e+02,2.5800212623676835e+00
257397,3.8020801024488497e+02,2.5800212623676835e+00
257412,3.8020801024488497e+02,2.5800212623676835e+00
257427,3.8020801024488497e+02,2.5800212623676835e+00
257442,3.8020801024488497e+02,2.5800212623676835e+00
257457,3.8020801024488497e+02,2.5800212623676835e+00
257472,3.8020801024488497e+02,2.5800212623676835e+00
257493,3.8020801024488497e+02,2.5800212623676835e+00
257508,3.8020801024488497e+02,2.5800212623676835e+00
257523,3.8020801024488497e+02,2.5800212623676835e+00
257538,3.8020801024488497e+02,2.5800212623676835e+00
257553,3.8020801024488497e+02,2.5800212623676835e+00
257568,3.8020801024488497e+02,2.5800212623676835e+00
257589,3.8020801024488497e+02,2.5800212623676835e+00
257604,3.8020801024488497e+02,2.5800212623676835e+00
257619,3.8020801024488497e+02,2.5800212623676835e+00
257634,3.8020801024488497e+02,2.5800212623676835e+00
257649,3.8020801024488497e+02,2.5800212623676835e+00
257664,3.8020801024488497e+02,2.5800212623676835e+00
257685,3.8018031895078371e+02,2.5799896306979999e+00
257700,3.8018031895078371e+02,2.5799896306979999e+00
257715,3.8018031895078371e+02,2.5799896306979999e+00
257730,3.8018031895078371e+02,2.5799896306979999e+00
257745,3.8018031895078371e+02,2.5799896306979999e+00
257760,3.8018031895078371e+02,2.5799896306979999e+00
257781,3.8018031895078371e+02,2.5799896306979999e+00
257796,3.8018031895078371e+02,2.5799896306979999e+00
257811,3.8018031895078371e+02,2.5799896306979999e+00
257826,3.8018031895078371e+02,2.5799896306979999e+00
257841,3.8018031895078371e+02,2.5799896306979999e+00
257856,3.8018031895078371e+02,2.5799896306979999e+00
257877,3.8018031895078371e+02,2.5799896306979999e+00
257892,3.8018031895078371e+02,2.5799896306979999e+00
257907,3.8018031895078371e+02,2.5799896306979999e+00
257922,3.8018031895078371e+02,2.5799896306979999e+00
257937,3.8018031895078371e+02,2.5799896306979999e+00
257952,3.8018031895078371e+02,2.5799896306979999e+00
257973,3.8018031895078371e+02,2.5799896306979999e+00
257988,3.8018031895078371e+02,2.5799896306979999e+00
258003,3.8018031895078371e+02,2.5799896306979999e+00
258018,3.8018031895078371e+02,2.5799896306979999e+00
258033,3.8018031895078371e+02,2.5799896306979999e+00
258048,3.8018031895078371e+02,2.5799896306979999e+00
258069,3.8018031895078371e+02,2.5799896306979999e+00
258084,3.8018031895078371e+02,2.5799896306979999e+00
258099,3.8018031895078371e+02,2.5799896306979999e+00
258114,3.8018031895078371e+02,2.5799896306979999e+00
258129,3.8018031895078371e+02,2.5799896306979999e+00
258144,3.8018031895078371e+02,2.5799896306979999e+00
258165,3.8018031895078371e+02,2.5799896306979999e+00
258180,3.8018031895078371e+02,2.5799896306979999e+00
258195,3.8018031895078371e+02,2.5799896306979999e+00
258210,3.8018031895078371e+02,2.5799896306979999e+00
258225,3.8018031895078371e+02,2.5799896306979999e+00
258240,3.8018031895078371e+02,2.5799896306979999e+00
258261,3.8018031895078371e+02,2.5799896306979999e+00
258276,3.8018031895078371e+02,2.5799896306979999e+00
258291,3.8018031895078371e+02,2.5799896306979999e+00
258306,3.8018031895078371e+02,2.5799896306979999e+00
258321,3.8018031895078371e+02,2.5799896306979999e+00
258336,3.8018031895078371e+02,2.5799896306979999e+00
258357,3.8018031895078371e+02,2.5799896306979999e+00
258372,3.8018031895078371e+02,2.5799896306979999e+00
258387,3.8018031895078371e+02,2.5799896306979999e+00
258402,3.8018031895078371e+02,2.5799896306979999e+00
258417,3.8018031895078371e+02,2.5799896306979999e+00
258432,3.8018031895078371e+02,2.5799896306979999e+00
258453,3.8018031895078371e+02,2.5799896306979999e+00
258468,3.8018031895078371e+02,2.5799896306979999e+00
258483,3.8018031895078371e+02,2.5799896306979999e+00
258498,3.8018031895078371e+02,2.5799896306979999e+00
258513,3.8018031895078371e+02,2.5799896306979999e+00
258528,3.8018031895078371e+02,2.5799896306979999e+00
258549,3.8018031895078371e+02,2.5799896306979999e+00
258564,3.8018031895078371e+02,2.5799896306979999e+00
258579,3.8018031895078371e+02,2.5799896306979999e+00
258594,3.8018031895078371e+02,2.5799896306979999e+00
258609,3.8018031895078371e+02,2.5799896306979999e+00
258624,3.8018031895078371e+02,2.5799896306979999e+00
258645,3.8016378473729702e+02,2.5799707426244387e+00
258660,3.8016378473729702e+02,2.5799707426244387e+00
258675,3.8016378473729702e+02,2.5799707426244387e+00
258690,3.8016378473729702e+02,2.5799707426244387e+00
258705,3.8016378473729702e+02,2.5799707426244387e+00
258720,3.8016378473729702e+02,2.5799707426244387e+00
258741,3.8016378473729702e+02,2.5799707426244387e+00
258756,3.8016378473729702e+02,2.5799707426244387e+00
258771,3.8016378473729702e+02,2.5799707426244387e+00
258786,3.8016378473729702e+02,2.5799707426244387e+00
258801,3.8016378473729702e+02,2.5799707426244387e+00
258816,3.8016378473729702e+02,2.5799707426244387e+00
258837,3.8016378473729702e+02,2.5799707426244387e+00
258852,3.8016378473729702e+02,2.5799707426244387e+00
258867,3.8016378473729702e+02,2.5799707426244387e+00
258882,3.8016378473729702e+02,2.5799707426244387e+00
258897,3.8016378473729702e+02,2.5799707426244387e+00
258912,3.8016378473729702e+02,2.5799707426244387e+00
258933,3.8016378473729702e+02,2.5799707426244387e+00
258948,3.8016378473729702e+02,2.5799707426244387e+00
258963,3.8016378473729702e+02,2.5799707426244387e+00
258978,3.8016378473729702e+02,2.5799707426244387e+00
258993,3.8016378473729702e+02,2.5799707426244387e+00
259008,3.8016378473729702e+02,2.5799707426244387e+00
259029,3.8016378473729702e+02,2.5799707426244387e+00
259044,3.8016378473729702e+02,2.5799707426244387e+00
259059,3.8016378473729702e+02,2.5799707426244387e+00
259074,3.8016378473729702e+02,2.5799707426244387e+00
259089,3.8016378473729702e+02,2.5799707426244387e+00
259104,3.8016378473729702e+02,2.5799707426244387e+00
259125,3.8016378473729702e+02,2.5799707426244387e+00
259140,3.8016378473729702e+02,2.5799707426244387e+00
259155,3.8016378473729702e+02,2.5799707426244387e+00
259170,3.8016378473729702e+02,2.5799707426244387e+00
259185,3.8016378473729702e+02,2.5799707426244387e+00
259200,3.8016378473729702e+02,2.5799707426244387e+00
259221,3.8015352948225802e+02,2.5799590269878463e+00
259236,3.8015352948225802e+02,2.5799590269878463e+00
259251,3.8015352948225802e+02,2.5799590269878463e+00
259266,3.8015352948225802e+02,2.5799590269878463e+00
259281,3.8015352948225802e+02,2.5799590269878463e+00
259296,3.8015352948225802e+02,2.5799590269878463e+00
259317,3.8015352948225802e+02,2.5799590269878463e+00
259332,3.8015352948225802e+02,2.5799590269878463e+00
259347,3.8015352948225802e+02,2.5799590269878463e+00
259362,3.8015352948225802e+02,2.5799590269878463e+00
259377,3.8015352948225802e+02,2.5799590269878463e+00
259392,3.8015352948225802e+02,2.5799590269878463e+00
259413,3.8015352948225802e+02,2.5799590269878463e+00
259428,3.8015352948225802e+02,2.5799590269878463e+00
259443,3.8015352948225802e+02,2.5799590269878463e+00
259458,3.8015352948225802e+02,2.5799590269878463e+00
259473,3.8015352948225802e+02,2.5799590269878463e+00
259488,3.8015352948225802e+02,2.5799590269878463e+00
259509,3.8015352948225802e+02,2.5799590269878463e+00
259524,3.8015352948225802e+02,2.5799590269878463e+00
259539,3.8015352948225802e+02,2.5799590269878463e+00
259554,3.8015352948225802e+02,2.5799590269878463e+00
259569,3.8015352948225802e+02,2.5799590269878463e+00
259584,3.8015352948225802e+02,2.5799590269878463e+00
259605,3.8009113329430647e+02,2.5798877385684551e+00
259620,3.8009113329430647e+02,2.5798877385684551e+00
259635,3.8009113329430647e+02,2.5798877385684551e+00
259650,3.8009113329430647e+02,2.5798877385684551e+00
259665,3.8009113329430647e+02,2.5798877385684551e+00
259680,3.8009113329430647e+02,2.5798877385684551e+00
259701,3.8009113329430647e+02,2.5798877385684551e+00
259716,3.8009113329430647e+02,2.5798877385684551e+00
259731,3.8009113329430647e+02,2.5798877385684551e+00
259746,3.8009113329430647e+02,2.5798877385684551e+00
259761,3.8009113329430647e+02,2.5798877385684551e+00
259776,3.8009113329430647e+02,2.5798877385684551e+00
259797,3.8009113329430647e+02,2.5798877385684551e+00
259812,3.8009113329430647e+02,2.5798877385684551e+00
259827,3.8009113329430647e+02,2.5798877385684551e+00
259842,3.8009113329430647e+02,2.5798877385684551e+00
259857,3.8009113329430647e+02,2.5798877385684551e+00
259872,3.8009113329430647e+02,2.5798877385684551e+00
259893,3.8009113329430647e+02,2.5798877385684551e+00
259908,3.8009113329430647e+02,2.5798877385684551e+00
259923,3.8009113329430647e+02,2.5798877385684551e+00
259938,3.8009113329430647e+02,2.5798877385684551e+00
259953,3.8009113329430647e+02,2.5798877385684551e+00
259968,3.8009113329430647e+02,2.5798877385684551e+00
259989,3.8009113329430647e+02,2.5798877385684551e+00
260004,3.8009113329430647e+02,2.5798877385684551e+00
260019,3.8009113329430647e+02,2.5798877385684551e+00
260034,3.8009113329430647e+02,2.5798877385684551e+00
260049,3.8009113329430647e+02,2.5798877385684551e+00
260064,3.8009113329430647e+02,2.5798877385684551e+00
260085,3.8009113329430647e+02,2.5798877385684551e+00
260100,3.8009113329430647e+02,2.5798877385684551e+00
260115,3.8009113329430647e+02,2.5798877385684551e+00
260130,3.8009113329430647e+02,2.5798877385684551e+00
260145,3.8009113329430647e+02,2.5798877385684551e+00
260160,3.8009113329430647e+02,2.5798877385684551e+00
260181,3.8008047660670951e+02,2.5798755620005362e+00
260196,3.8008047660670951e+02,2.5798755620005362e+00
260211,3.8008047660670951e+02,2.5798755620005362e+00
260226,3.8008047660670951e+02,2.5798755620005362e+00
260241,3.8008047660670951e+02,2.5798755620005362e+00
260256,3.8008047660670951e+02,2.5798755620005362e+00
260277,3.8008047660670951e+02,2.5798755620005362e+00
260292,3.8008047660670951e+02,2.5798755620005362e+00
260307,3.8008047660670951e+02,2.5798755620005362e+00
260322,3.8008047660670951e+02,2.5798755620005362e+00
260337,3.8008047660670951e+02,2.5798755620005362e+00
260352,3.8008047660670951e+02,2.5798755620005362e+00
260373,3.8008047660670951e+02,2.5798755620005362e+00
260388,3.8008047660670951e+02,2.5798755620005362e+00
260403,3.8008047660670951e+02,2.5798755620005362e+00
260418,3.8008047660670951e+02,2.5798755620005362e+00
260433,3.8008047660670951e+02,2.5798755620005362e+00
260448,3.8008047660670951e+02,2.5798755620005362e+00
260469,3.8008047660670951e+02,2.5798755620005362e+00
260484,3.8008047660670951e+02,2.5798755620005362e+00
260499,3.8008047660670951e+02,2.5798755620005362e+00
260514,3.8008047660670951e+02,2.5798755620005362e+00
260529,3.8008047660670951e+02,2.5798755620005362e+00
260544,3.8008047660670951e+02,2.5798755620005362e+00
260565,3.8008047660670951e+02,2.5798755620005362e+00
260580,3.8008047660670951e+02,2.5798755620005362e+00
260595,3.8008047660670951e+02,2.5798755620005362e+00
260610,3.8008047660670951e+02,2.5798755620005362e+00
260625,3.8008047660670951e+02,2.5798755620005362e+00
260640,3.8008047660670951e+02,2.5798755620005362e+00
260661,3.8008047660670951e+02,2.5798755620005362e+00
260676,3.8008047660670951e+02,2.5798755620005362e+00
260691,3.8008047660670951e+02,2.5798755620005362e+00
260706,3.8008047660670951e+02,2.5798755620005362e+00
260721,3.8008047660670951e+02,2.5798755620005362e+00
260736,3.8008047660670951e+02,2.5798755620005362e+00
260757,3.8008047660670951e+02,2.5798755620005362e+00
260772,3.8008047660670951e+02,2.5798755620005362e+00
260787,3.8008047660670951e+02,2.5798755620005362e+00
260802,3.8008047660670951e+02,2.5798755620005362e+00
260817,3.8008047660670951e+02,2.5798755620005362e+00
260831,3.8008047660670951e+02,2.5798755620005362e+00
260851,3.8008047660670951e+02,2.5798755620005362e+00
260865,3.8008047660670951e+02,2.5798755620005362e+00
260879,3.8008047660670951e+02,2.5798755620005362e+00
260893,3.8008047660670951e+02,2.5798755620005362e+00
260907,3.8008047660670951e+02,2.5798755620005362e+00
260921,3.8008047660670951e+02,2.5798755620005362e+00
260941,3.8008047660670951e+02,2.5798755620005362e+00
260955,3.8008047660670951e+02,2.5798755620005362e+00
260969,3.8008047660670951e+02,2.5798755620005362e+00
260983,3.8008047660670951e+02,2.5798755620005362e+00
260997,3.8008047660670951e+02,2.5798755620005362e+00
261011,3.8008047660670951e+02,2.5798755620005362e+00
261031,3.8008047660670951e+02,2.5798755620005362e+00
261045,3.8008047660670951e+02,2.5798755620005362e+00
261059,3.8008047660670951e+02,2.5798755620005362e+00
261073,3.8008047660670951e+02,2.5798755620005362e+00
261087,3.8008047660670951e+02,2.5798755620005362e+00
261101,3.8008047660670951e+02,2.5798755620005362e+00
261121,3.8008047660670951e+02,2.5798755620005362e+00
261135,3.8008047660670951e+02,2.5798755620005362e+00
261149,3.8008047660670951e+02,2.5798755620005362e+00
261163,3.8008047660670951e+02,2.5798755620005362e+00
261177,3.8008047660670951e+02,2.5798755620005362e+00
261191,3.8008047660670951e+02,2.5798755620005362e+00
261211,3.8008047660670951e+02,2.5798755620005362e+00
261225,3.8008047660670951e+02,2.5798755620005362e+00
261239,3.8008047660670951e+02,2.5798755620005362e+00
261253,3.8008047660670951e+02,2.5798755620005362e+00
261267,3.8008047660670951e+02,2.5798755620005362e+00
261281,3.8008047660670951e+02,2.5798755620005362e+00
261301,3.8008047660670951e+02,2.5798755620005362e+00
261315,3.8008047660670951e+02,2.5798755620005362e+00
261329,3.8008047660670951e+02,2.5798755620005362e+00
261343,3.8008047660670951e+02,2.5798755620005362e+00
261357,3.8008047660670951e+02,2.5798755620005362e+00
261371,3.8008047660670951e+02,2.5798755620005362e+00
261391,3.7718741336300673e+02,2.5765571920234152e+00
261405,3.7718741336300673e+02,2.5765571920234152e+00
261419,3.7718741336300673e+02,2.5765571920234152e+00
261433,3.7718741336300673e+02,2.5765571920234152e+00
261447,3.7718741336300673e+02,2.5765571920234152e+00
261461,3.7718741336300673e+02,2.5765571920234152e+00
261481,3.7713992566874600e+02,2.5765025111374502e+00
261495,3.7713992566874600e+02,2.5765025111374502e+00
261509,3.7713992566874600e+02,2.5765025111374502e+00
261523,3.7713992566874600e+02,2.5765025111374502e+00
261537,3.7713992566874600e+02,2.5765025111374502e+00
261551,3.7713992566874600e+02,2.5765025111374502e+00
261571,3.7713992566874600e+02,2.5765025111374502e+00
261585,3.7713992566874600e+02,2.5765025111374502e+00
261599,3.7713992566874600e+02,2.5765025111374502e+00
261613,3.7713992566874600e+02,2.5765025111374502e+00
261627,3.7713992566874600e+02,2.5765025111374502e+00
261641,3.7713992566874600e+02,2.5765025111374502e+00
261661,3.7713992566874600e+02,2.5765025111374502e+00
261675,3.7713992566874600e+02,2.5765025111374502e+00
261689,3.7713992566874600e+02,2.5765025111374502e+00
261703,3.7713992566874600e+02,2.5765025111374502e+00
261717,3.7713992566874600e+02,2.5765025111374502e+00
261731,3.7713992566874600e+02,2.5765025111374502e+00
261751,3.7713992566874600e+02,2.5765025111374502e+00
261765,3.7713992566874600e+02,2.5765025111374502e+00
261779,3.7713992566874600e+02,2.5765025111374502e+00
261793,3.7713992566874600e+02,2.5765025111374502e+00
261807,3.7713992566874600e+02,2.5765025111374502e+00
261821,3.7713992566874600e+02,2.5765025111374502e+00
261841,3.7713992566874600e+02,2.5765025111374502e+00
261855,3.7713992566874600e+02,2.5765025111374502e+00
261869,3.7713992566874600e+02,2.5765025111374502e+00
261883,3.7713992566874600e+02,2.5765025111374502e+00
261897,3.7713992566874600e+02,2.5765025111374502e+00
261911,3.7713992566874600e+02,2.5765025111374502e+00
261931,3.7713992566874600e+02,2.5765025111374502e+00
261945,3.7713992566874600e+02,2.5765025111374502e+00
261959,3.7713992566874600e+02,2.5765025111374502e+00
261973,3.7713992566874600e+02,2.5765025111374502e+00
261987,3.7713992566874600e+02,2.5765025111374502e+00
262001,3.7713992566874600e+02,2.5765025111374502e+00
262021,3.7713992566874600e+02,2.5765025111374502e+00
262035,3.7713992566874600e+02,2.5765025111374502e+00
262049,3.7713992566874600e+02,2.5765025111374502e+00
262063,3.7713992566874600e+02,2.5765025111374502e+00
262077,3.7713992566874600e+02,2.5765025111374502e+00
262091,3.7713992566874600e+02,2.5765025111374502e+00
262111,3.7713992566874600e+02,2.5765025111374502e+00
262125,3.7713992566874600e+02,2.5765025111374502e+00
262139,3.7713992566874600e+02,2.5765025111374502e+00
262153,3.7713992566874600e+02,2.5765025111374502e+00
262167,3.7713992566874600e+02,2.5765025111374502e+00
262181,3.7713992566874600e+02,2.5765025111374502e+00
262201,3.7713992566874600e+02,2.5765025111374502e+00
262215,3.7713992566874600e+02,2.5765025111374502e+00
262229,3.7713992566874600e+02,2.5765025111374502e+00
262243,3.7713992566874600e+02,2.5765025111374502e+00
262257,3.7713992566874600e+02,2.5765025111374502e+00
262271,3.7713992566874600e+02,2.5765025111374502e+00
262291,3.7643855259597802e+02,2.5756940948888500e+00
262305,3.7643855259597802e+02,2.5756940948888500e+00
262319,3.7643855259597802e+02,2.5756940948888500e+00
262333,3.7643855259597802e+02,2.5756940948888500e+00
262347,3.7643855259597802e+02,2.5756940948888500e+00
262361,3.7643855259597802e+02,2.5756940948888500e+00
262381,3.7643855259597802e+02,2.5756940948888500e+00
262395,3.7643855259597802e+02,2.5756940948888500e+00
262409,3.7643855259597802e+02,2.5756940948888500e+00
262423,3.7643855259597802e+02,2.5756940948888500e+00
262437,3.7643855259597802e+02,2.5756940948888500e+00
262451,3.7643855259597802e+02,2.5756940948888500e+00
262471,3.7643855259597802e+02,2.5756940948888500e+00
262485,3.7643855259597802e+02,2.5756940948888500e+00
262499,3.7643855259597802e+02,2.5756940948888500e+00
262513,3.7643855259597802e+02,2.5756940948888500e+00
262527,3.7643855259597802e+02,2.5756940948888500e+00
262541,3.7643855259597802e+02,2.5756940948888500e+00
262561,3.7643855259597802e+02,2.5756940948888500e+00
262575,3.7643855259597802e+02,2.5756940948888500e+00
262589,3.7643855259597802e+02,2.5756940948888500e+00
262603,3.7643855259597802e+02,2.5756940948888500e+00
262617,3.7643855259597802e+02,2.5756940948888500e+00
262631,3.7643855259597802e+02,2.5756940948888500e+00
262651,3.7643855259597802e+02,2.5756940948888500e+00
262665,3.7643855259597802e+02,2.5756940948888500e+00
262679,3.7643855259597802e+02,2.5756940948888500e+00
262693,3.7643855259597802e+02,2.5756940948888500e+00
262707,3.7643855259597802e+02,2.5756940948888500e+00
262721,3.7643855259597802e+02,2.5756940948888500e+00
262741,3.7643855259597802e+02,2.5756940948888500e+00
262755,3.7643855259597802e+02,2.5756940948888500e+00
262769,3.7643855259597802e+02,2.5756940948888500e+00
262783,3.7643855259597802e+02,2.5756940948888500e+00
262797,3.7643855259597802e+02,2.5756940948888500e+00
262811,3.7643855259597802e+02,2.5756940948888500e+00
262831,3.7643855259597802e+02,2.5756940948888500e+00
262845,3.7643855259597802e+02,2.5756940948888500e+00
262859,3.7643855259597802e+02,2.5756940948888500e+00
262873,3.7643855259597802e+02,2.5756940948888500e+00
262887,3.7643855259597802e+02,2.5756940948888500e+00
262901,3.7643855259597802e+02,2.5756940948888500e+00
262921,3.7643855259597802e+02,2.5756940948888500e+00
262935,3.7643855259597802e+02,2.5756940948888500e+00
262949,3.7643855259597802e+02,2.5756940948888500e+00
262963,3.7643855259597802e+02,2.5756940948888500e+00
262977,3.7643855259597802e+02,2.5756940948888500e+00
262991,3.7643855259597802e+02,2.5756940948888500e+00
263011,3.7643855259597802e+02,2.5756940948888500e+00
263025,3.7643855259597802e+02,2.5756940948888500e+00
263039,3.7643855259597802e+02,2.5756940948888500e+00
263053,3.7643855259597802e+02,2.5756940948888500e+00
263067,3.7643855259597802e+02,2.5756940948888500e+00
263081,3.7643855259597802e+02,2.5756940948888500e+00
263101,3.7643855259597802e+02,2.5756940948888500e+00
263115,3.7643855259597802e+02,2.5756940948888500e+00
263129,3.7643855259597802e+02,2.5756940948888500e+00
263143,3.7643855259597802e+02,2.5756940948888500e+00
263157,3.7643855259597802e+02,2.5756940948888500e+00
263171,3.7643855259597802e+02,2.5756940948888500e+00
263191,3.7643855259597802e+02,2.5756940948888500e+00
263205,3.7643855259597802e+02,2.5756940948888500e+00
263219,3.7643855259597802e+02,2.5756940948888500e+00
263233,3.7643855259597802e+02,2.5756940948888500e+00
263247,3.7643855259597802e+02,2.5756940948888500e+00
263261,3.7643855259597802e+02,2.5756940948888500e+00
263281,3.7639616389793167e+02,2.5756451885956819e+00
263295,3.7639616389793167e+02,2.5756451885956819e+00
263309,3.7639616389793167e+02,2.5756451885956819e+00
263323,3.7639616389793167e+02,2.5756451885956819e+00
263337,3.7639616389793167e+02,2.5756451885956819e+00
263351,3.7639616389793167e+02,2.5756451885956819e+00
263371,3.7639616389793167e+02,2.5756451885956819e+00
263385,3.7639616389793167e+02,2.5756451885956819e+00
263399,3.7639616389793167e+02,2.5756451885956819e+00
263413,3.7639616389793167e+02,2.5756451885956819e+00
263427,3.7639616389793167e+02,2.5756451885956819e+00
263441,3.7639616389793167e+02,2.5756451885956819e+00
263461,3.7639616389793167e+02,2.5756451885956819e+00
263475,3.7639616389793167e+02,2.5756451885956819e+00
263489,3.7639616389793167e+02,2.5756451885956819e+00
263503,3.7639616389793167e+02,2.5756451885956819e+00
263517,3.7639616389793167e+02,2.5756451885956819e+00
263531,3.7639616389793167e+02,2.5756451885956819e+00
263551,3.7639616389793167e+02,2.5756451885956819e+00
263565,3.7639616389793167e+02,2.5756451885956819e+00
263579,3.7639616389793167e+02,2.5756451885956819e+00
263593,3.7639616389793167e+02,2.5756451885956819e+00
263607,3.7639616389793167e+02,2.5756451885956819e+00
263621,3.7639616389793167e+02,2.5756451885956819e+00
263641,3.7639616389793167e+02,2.5756451885956819e+00
263655,3.7639616389793167e+02,2.5756451885956819e+00
263669,3.7639616389793167e+02,2.5756451885956819e+00
263683,3.7639616389793167e+02,2.5756451885956819e+00
263697,3.7639616389793167e+02,2.5756451885956819e+00
263711,3.7639616389793167e+02,2.5756451885956819e+00
263731,3.7639616389793167e+02,2.5756451885956819e+00
263745,3.7639616389793167e+02,2.5756451885956819e+00
263759,3.7639616389793167e+02,2.5756451885956819e+00
263773,3.7639616389793167e+02,2.5756451885956819e+00
263787,3.7639616389793167e+02,2.5756451885956819e+00
263801,3.7639616389793167e+02,2.5756451885956819e+00
263821,3.7639616389793167e+02,2.5756451885956819e+00
263835,3.7639616389793167e+02,2.5756451885956819e+00
263849,3.7639616389793167e+02,2.5756451885956819e+00
263863,3.7639616389793167e+02,2.5756451885956819e+00
263877,3.7639616389793167e+02,2.5756451885956819e+00
263891,3.7639616389793167e+02,2.5756451885956819e+00
263911,3.7639616389793167e+02,2.5756451885956819e+00
263925,3.7639616389793167e+02,2.5756451885956819e+00
263939,3.7639616389793167e+02,2.5756451885956819e+00
263953,3.7639616389793167e+02,2.5756451885956819e+00
263967,3.7639616389793167e+02,2.5756451885956819e+00
263981,3.7639616389793167e+02,2.5756451885956819e+00
264001,3.7639616389793167e+02,2.5756451885956819e+00
264015,3.7639616389793167e+02,2.5756451885956819e+00
264029,3.7639616389793167e+02,2.5756451885956819e+00
264043,3.7639616389793167e+02,2.5756451885956819e+00
264057,3.7639616389793167e+02,2.5756451885956819e+00
264071,3.7639616389793167e+02,2.5756451885956819e+00
264091,3.7639616389793167e+02,2.5756451885956819e+00
264105,3.7639616389793167e+02,2.5756451885956819e+00
264119,3.7639616389793167e+02,2.5756451885956819e+00
264133,3.7639616389793167e+02,2.5756451885956819e+00
264147,3.7639616389793167e+02,2.5756451885956819e+00
264161,3.7639616389793167e+02,2.5756451885956819e+00
264181,3.7639616389793167e+02,2.5756451885956819e+00
264195,3.7639616389793167e+02,2.5756451885956819e+00
264209,3.7639616389793167e+02,2.5756451885956819e+00
264223,3.7639616389793167e+02,2.5756451885956819e+00
264237,3.7639616389793167e+02,2.5756451885956819e+00
264251,3.7639616389793167e+02,2.5756451885956819e+00
264271,3.7639616389793167e+02,2.5756451885956819e+00
264285,3.7639616389793167e+02,2.5756451885956819e+00
264299,3.7639616389793167e+02,2.5756451885956819e+00
264313,3.7639616389793167e+02,2.5756451885956819e+00
264327,3.7639616389793167e+02,2.5756451885956819e+00
264341,3.7639616389793167e+02,2.5756451885956819e+00
264361,3.7639616389793167e+02,2.5756451885956819e+00
264375,3.7639616389793167e+02,2.5756451885956819e+00
264389,3.7639616389793167e+02,2.5756451885956819e+00
264403,3.7639616389793167e+02,2.5756451885956819e+00
264417,3.7639616389793167e+02,2.5756451885956819e+00
264431,3.7639616389793167e+02,2.5756451885956819e+00
264451,3.7639616389793167e+02,2.5756451885956819e+00
264465,3.7639616389793167e+02,2.5756451885956819e+00
264479,3.7639616389793167e+02,2.5756451885956819e+00
264493,3.7639616389793167e+02,2.5756451885956819e+00
264507,3.7639616389793167e+02,2.5756451885956819e+00
264521,3.7639616389793167e+02,2.5756451885956819e+00
264541,3.7639616389793167e+02,2.5756451885956819e+00
264555,3.7639616389793167e+02,2.5756451885956819e+00
264569,3.7639616389793167e+02,2.5756451885956819e+00
264583,3.7639616389793167e+02,2.5756451885956819e+00
264597,3.7639616389793167e+02,2.5756451885956819e+00
264611,3.7639616389793167e+02,2.5756451885956819e+00
264631,3.7639616389793167e+02,2.5756451885956819e+00
264645,3.7639616389793167e+02,2.5756451885956819e+00
264659,3.7639616389793167e+02,2.5756451885956819e+00
264673,3.7639616389793167e+02,2.5756451885956819e+00
264687,3.7639616389793167e+02,2.5756451885956819e+00
264701,3.7639616389793167e+02,2.5756451885956819e+00
264721,3.7639616389793167e+02,2.5756451885956819e+00
264735,3.7639616389793167e+02,2.5756451885956819e+00
264749,3.7639616389793167e+02,2.5756451885956819e+00
264763,3.7639616389793167e+02,2.5756451885956819e+00
264777,3.7639616389793167e+02,2.5756451885956819e+00
264791,3.7639616389793167e+02,2.5756451885956819e+00
264811,3.7639616389793167e+02,2.5756451885956819e+00
264825,3.7639616389793167e+02,2.5756451885956819e+00
264839,3.7639616389793167e+02,2.5756451885956819e+00
264853,3.7639616389793167e+02,2.5756451885956819e+00
264867,3.7639616389793167e+02,2.5756451885956819e+00
264881,3.7639616389793167e+02,2.5756451885956819e+00
264901,3.7639616389793167e+02,2.5756451885956819e+00
264915,3.7639616389793167e+02,2.5756451885956819e+00
264929,3.7639616389793167e+02,2.5756451885956819e+00
264943,3.7639616389793167e+02,2.5756451885956819e+00
264957,3.7639616389793167e+02,2.5756451885956819e+00
264971,3.7639616389793167e+02,2.5756451885956819e+00
264991,3.7639616389793167e+02,2.5756451885956819e+00
265005,3.7639616389793167e+02,2.5756451885956819e+00
265019,3.7639616389793167e+02,2.5756451885956819e+00
265033,3.7639616389793167e+02,2.5756451885956819e+00
265047,3.7639616389793167e+02,2.5756451885956819e+00
265061,3.7639616389793167e+02,2.5756451885956819e+00
265081,3.7634455857583453e+02,2.5755856411154152e+00
265095,3.7634455857583453e+02,2.5755856411154152e+00
265109,3.7634455857583453e+02,2.5755856411154152e+00
265123,3.7634455857583453e+02,2.5755856411154152e+00
265137,3.7634455857583453e+02,2.5755856411154152e+00
265151,3.7634455857583453e+02,2.5755856411154152e+00
265171,3.7634455857583453e+02,2.5755856411154152e+00
265185,3.7634455857583453e+02,2.5755856411154152e+00
265199,3.7634455857583453e+02,2.5755856411154152e+00
265213,3.7634455857583453e+02,2.5755856411154152e+00
265227,3.7634455857583453e+02,2.5755856411154152e+00
265241,3.7634455857583453e+02,2.5755856411154152e+00
265261,3.7634455857583453e+02,2.5755856411154152e+00
265275,3.7634455857583453e+02,2.5755856411154152e+00
265289,3.7634455857583453e+02,2.5755856411154152e+00
265303,3.7634455857583453e+02,2.5755856411154152e+00
265317,3.7634455857583453e+02,2.5755856411154152e+00
265331,3.7634455857583453e+02,2.5755856411154152e+00
265351,3.7634455857583453e+02,2.5755856411154152e+00
265365,3.7634455857583453e+02,2.5755856411154152e+00
265379,3.7634455857583453e+02,2.5755856411154152e+00
265393,3.7634455857583453e+02,2.5755856411154152e+00
265407,3.7634455857583453e+02,2.5755856411154152e+00
265421,3.7634455857583453e+02,2.5755856411154152e+00
265441,3.7634455857583453e+02,2.5755856411154152e+00
265455,3.7634455857583453e+02,2.5755856411154152e+00
265469,3.7634455857583453e+02,2.5755856411154152e+00
265483,3.7634455857583453e+02,2.5755856411154152e+00
265497,3.7634455857583453e+02,2.5755856411154152e+00
265511,3.7634455857583453e+02,2.5755856411154152e+00
265531,3.7634455857583453e+02,2.5755856411154152e+00
265545,3.7634455857583453e+02,2.5755856411154152e+00
265559,3.7634455857583453e+02,2.5755856411154152e+00
265573,3.7634455857583453e+02,2.5755856411154152e+00
265587,3.7634455857583453e+02,2.5755856411154152e+00
265601,3.7634455857583453e+02,2.5755856411154152e+00
265621,3.7634455857583453e+02,2.5755856411154152e+00
265635,3.7634455857583453e+02,2.5755856411154152e+00
265649,3.7634455857583453e+02,2.5755856411154152e+00
265663,3.7634455857583453e+02,2.5755856411154152e+00
265677,3.7634455857583453e+02,2.5755856411154152e+00
265691,3.7634455857583453e+02,2.5755856411154152e+00
265711,3.7634455857583453e+02,2.5755856411154152e+00
265725,3.7634455857583453e+02,2.5755856411154152e+00
265739,3.7634455857583453e+02,2.5755856411154152e+00
265753,3.7634455857583453e+02,2.5755856411154152e+00
265767,3.7634455857583453e+02,2.5755856411154152e+00
265781,3.7634455857583453e+02,2.5755856411154152e+00
265801,3.7634455857583453e+02,2.5755856411154152e+00
265815,3.7634455857583453e+02,2.5755856411154152e+00
265829,3.7634455857583453e+02,2.5755856411154152e+00
265843,3.7634455857583453e+02,2.5755856411154152e+00
265857,3.7634455857583453e+02,2.5755856411154152e+00
265871,3.7634455857583453e+02,2.5755856411154152e+00
265891,3.7634455857583453e+02,2.5755856411154152e+00
265905,3.7634455857583453e+02,2.5755856411154152e+00
265919,3.7634455857583453e+02,2.5755856411154152e+00
265933,3.7634455857583453e+02,2.5755856411154152e+00
265947,3.7634455857583453e+02,2.5755856411154152e+00
265961,3.7634455857583453e+02,2.5755856411154152e+00
265981,3.7628988778701432e+02,2.5755225474792884e+00
265995,3.7628988778701432e+02,2.5755225474792884e+00
266009,3.7628988778701432e+02,2.5755225474792884e+00
266023,3.7628988778701432e+02,2.5755225474792884e+00
266037,3.7628988778701432e+02,2.5755225474792884e+00
266051,3.7628988778701432e+02,2.5755225474792884e+00
266071,3.7628988778701432e+02,2.5755225474792884e+00
266085,3.7628988778701432e+02,2.5755225474792884e+00
266099,3.7628988778701432e+02,2.5755225474792884e+00
266113,3.7628988778701432e+02,2.5755225474792884e+00
266127,3.7628988778701432e+02,2.5755225474792884e+00
266141,3.7628988778701432e+02,2.5755225474792884e+00
266161,3.7628988778701432e+02,2.5755225474792884e+00
266175,3.7628988778701432e+02,2.5755225474792884e+00
266189,3.7628988778701432e+02,2.5755225474792884e+00
266203,3.7628988778701432e+02,2.5755225474792884e+00
266217,3.7628988778701432e+02,2.5755225474792884e+00
266231,3.7628988778701432e+02,2.5755225474792884e+00
266251,3.7628988778701432e+02,2.5755225474792884e+00
266265,3.7628988778701432e+02,2.5755225474792884e+00
266279,3.7628988778701432e+02,2.5755225474792884e+00
266293,3.7628988778701432e+02,2.5755225474792884e+00
266307,3.7628988778701432e+02,2.5755225474792884e+00
266321,3.7628988778701432e+02,2.5755225474792884e+00
266341,3.7628988778701432e+02,2.5755225474792884e+00
266355,3.7628988778701432e+02,2.5755225474792884e+00
266369,3.7628988778701432e+02,2.5755225474792884e+00
266383,3.7628988778701432e+02,2.5755225474792884e+00
266397,3.7628988778701432e+02,2.5755225474792884e+00
266411,3.7628988778701432e+02,2.5755225474792884e+00
266431,3.7628988778701432e+02,2.5755225474792884e+00
266445,3.7628988778701432e+02,2.5755225474792884e+00
266459,3.7628988778701432e+02,2.5755225474792884e+00
266473,3.7628988778701432e+02,2.5755225474792884e+00
266487,3.7628988778701432e+02,2.5755225474792884e+00
266501,3.7628988778701432e+02,2.5755225474792884e+00
266521,3.7628988778701432e+02,2.5755225474792884e+00
266535,3.7628988778701432e+02,2.5755225474792884e+00
266549,3.7628988778701432e+02,2.5755225474792884e+00
266563,3.7628988778701432e+02,2.5755225474792884e+00
266577,3.7628988778701432e+02,2.5755225474792884e+00
266591,3.7628988778701432e+02,2.5755225474792884e+00
266611,3.7628988778701432e+02,2.5755225474792884e+00
266625,3.7628988778701432e+02,2.5755225474792884e+00
266639,3.7628988778701432e+02,2.5755225474792884e+00
266653,3.7628988778701432e+02,2.5755225474792884e+00
266667,3.7628988778701432e+02,2.5755225474792884e+00
266681,3.7628988778701432e+02,2.5755225474792884e+00
266701,3.7628988778701432e+02,2.5755225474792884e+00
266715,3.7628988778701432e+02,2.5755225474792884e+00
266729,3.7628988778701432e+02,2.5755225474792884e+00
266743,3.7628988778701432e+02,2.5755225474792884e+00
266757,3.7628988778701432e+02,2.5755225474792884e+00
266771,3.7628988778701432e+02,2.5755225474792884e+00
266791,3.7628988778701432e+02,2.5755225474792884e+00
266805,3.7628988778701432e+02,2.5755225474792884e+00
266819,3.7628988778701432e+02,2.5755225474792884e+00
266833,3.7628988778701432e+02,2.5755225474792884e+00
266847,3.7628988778701432e+02,2.5755225474792884e+00
266861,3.7628988778701432e+02,2.5755225474792884e+00
266881,3.7628988778701432e+02,2.5755225474792884e+00
266895,3.7628988778701432e+02,2.5755225474792884e+00
266909,3.7628988778701432e+02,2.5755225474792884e+00
266923,3.7628988778701432e+02,2.5755225474792884e+00
266937,3.7628988778701432e+02,2.5755225474792884e+00
266951,3.7628988778701432e+02,2.5755225474792884e+00
266971,3.7628988778701432e+02,2.5755225474792884e+00
266985,3.7628988778701432e+02,2.5755225474792884e+00
266999,3.7628988778701432e+02,2.5755225474792884e+00
267013,3.7628988778701432e+02,2.5755225474792884e+00
267027,3.7628988778701432e+02,2.5755225474792884e+00
267041,3.7628988778701432e+02,2.5755225474792884e+00
267061,3.7628988778701432e+02,2.5755225474792884e+00
267075,3.7628988778701432e+02,2.5755225474792884e+00
267089,3.7628988778701432e+02,2.5755225474792884e+00
267103,3.7628988778701432e+02,2.5755225474792884e+00
267117,3.7628988778701432e+02,2.5755225474792884e+00
267131,3.7628988778701432e+02,2.5755225474792884e+00
267151,3.7628988778701432e+02,2.5755225474792884e+00
267165,3.7628988778701432e+02,2.5755225474792884e+00
267179,3.7628988778701432e+02,2.5755225474792884e+00
267193,3.7628988778701432e+02,2.5755225474792884e+00
267207,3.7628988778701432e+02,2.5755225474792884e+00
267221,3.7628988778701432e+02,2.5755225474792884e+00
267241,3.7628988778701432e+02,2.5755225474792884e+00
267255,3.7628988778701432e+02,2.5755225474792884e+00
267269,3.7628988778701432e+02,2.5755225474792884e+00
267283,3.7628988778701432e+02,2.5755225474792884e+00
267297,3.7628988778701432e+02,2.5755225474792884e+00
267311,3.7628988778701432e+02,2.5755225474792884e+00
267331,3.7628988778701432e+02,2.5755225474792884e+00
267345,3.7628988778701432e+02,2.5755225474792884e+00
267359,3.7628988778701432e+02,2.5755225474792884e+00
267373,3.7628988778701432e+02,2.5755225474792884e+00
267387,3.7628988778701432e+02,2.5755225474792884e+00
267401,3.7628988778701432e+02,2.5755225474792884e+00
267421,3.7628988778701432e+02,2.5755225474792884e+00
267435,3.7628988778701432e+02,2.5755225474792884e+00
267449,3.7628988778701432e+02,2.5755225474792884e+00
267463,3.7628988778701432e+02,2.5755225474792884e+00
267477,3.7628988778701432e+02,2.5755225474792884e+00
267491,3.7628988778701432e+02,2.5755225474792884e+00
267511,3.7628988778701432e+02,2.5755225474792884e+00
267525,3.7628988778701432e+02,2.5755225474792884e+00
267539,3.7628988778701432e+02,2.5755225474792884e+00
267553,3.7628988778701432e+02,2.5755225474792884e+00
267567,3.7628988778701432e+02,2.5755225474792884e+00
267581,3.7628988778701432e+02,2.5755225474792884e+00
267601,3.7545893323813561e+02,2.5745624418903619e+00
267615,3.7545893323813561e+02,2.5745624418903619e+00
267629,3.7545893323813561e+02,2.5745624418903619e+00
267643,3.7545893323813561e+02,2.5745624418903619e+00
267657,3.7545893323813561e+02,2.5745624418903619e+00
267671,3.7545893323813561e+02,2.5745624418903619e+00
267691,3.7545893323813561e+02,2.5745624418903619e+00
267705,3.7545893323813561e+02,2.5745624418903619e+00
267719,3.7545893323813561e+02,2.5745624418903619e+00
267733,3.7545893323813561e+02,2.5745624418903619e+00
267747,3.7545893323813561e+02,2.5745624418903619e+00
267761,3.7545893323813561e+02,2.5745624418903619e+00
267781,3.7522829292419402e+02,2.5742955775684178e+00
267795,3.7522829292419402e+02,2.5742955775684178e+00
267809,3.7522829292419402e+02,2.5742955775684178e+00
267823,3.7522829292419402e+02,2.5742955775684178e+00
267837,3.7522829292419402e+02,2.5742955775684178e+00
267851,3.7522829292419402e+02,2.5742955775684178e+00
267871,3.7522829292419402e+02,2.5742955775684178e+00
267885,3.7522829292419402e+02,2.5742955775684178e+00
267899,3.7522829292419402e+02,2.5742955775684178e+00
267913,3.7522829292419402e+02,2.5742955775684178e+00
267927,3.7522829292419402e+02,2.5742955775684178e+00
267941,3.7522829292419402e+02,2.5742955775684178e+00
267961,3.7522829292419402e+02,2.5742955775684178e+00
267975,3.7522829292419402e+02,2.5742955775684178e+00
267989,3.7522829292419402e+02,2.5742955775684178e+00
268003,3.7522829292419402e+02,2.5742955775684178e+00
268017,3.7522829292419402e+02,2.5742955775684178e+00
268031,3.7522829292419402e+02,2.5742955775684178e+00
268051,3.7522829292419402e+02,2.5742955775684178e+00
268065,3.7522829292419402e+02,2.5742955775684178e+00
268079,3.7522829292419402e+02,2.5742955775684178e+00
268093,3.7522829292419402e+02,2.5742955775684178e+00
268107,3.7522829292419402e+02,2.5742955775684178e+00
268121,3.7522829292419402e+02,2.5742955775684178e+00
268141,3.7522829292419402e+02,2.5742955775684178e+00
268155,3.7522829292419402e+02,2.5742955775684178e+00
268169,3.7522829292419402e+02,2.5742955775684178e+00
268183,3.7522829292419402e+02,2.5742955775684178e+00
268197,3.7522829292419402e+02,2.5742955775684178e+00
268211,3.7522829292419402e+02,2.5742955775684178e+00
268231,3.7522829292419402e+02,2.5742955775684178e+00
268245,3.7522829292419402e+02,2.5742955775684178e+00
268259,3.7522829292419402e+02,2.5742955775684178e+00
268273,3.7522829292419402e+02,2.5742955775684178e+00
268287,3.7522829292419402e+02,2.5742955775684178e+00
268301,3.7522829292419402e+02,2.5742955775684178e+00
268321,3.7522829292419402e+02,2.5742955775684178e+00
268335,3.7522829292419402e+02,2.5742955775684178e+00
268349,3.7522829292419402e+02,2.5742955775684178e+00
268363,3.7522829292419402e+02,2.5742955775684178e+00
268377,3.7522829292419402e+02,2.5742955775684178e+00
268391,3.7522829292419402e+02,2.5742955775684178e+00
268411,3.7522829292419402e+02,2.5742955775684178e+00
268425,3.7522829292419402e+02,2.5742955775684178e+00
268439,3.7522829292419402e+02,2.5742955775684178e+00
268453,3.7522829292419402e+02,2.5742955775684178e+00
268467,3.7522829292419402e+02,2.5742955775684178e+00
268481,3.7522829292419402e+02,2.5742955775684178e+00
268501,3.7522829292419402e+02,2.5742955775684178e+00
268515,3.7522829292419402e+02,2.5742955775684178e+00
268529,3.7522829292419402e+02,2.5742955775684178e+00
268543,3.7522829292419402e+02,2.5742955775684178e+00
268557,3.7522829292419402e+02,2.5742955775684178e+00
268571,3.7522829292419402e+02,2.5742955775684178e+00
268591,3.7522829292419402e+02,2.5742955775684178e+00
268605,3.7522829292419402e+02,2.5742955775684178e+00
268619,3.7522829292419402e+02,2.5742955775684178e+00
268633,3.7522829292419402e+02,2.5742955775684178e+00
268647,3.7522829292419402e+02,2.5742955775684178e+00
268661,3.7522829292419402e+02,2.5742955775684178e+00
268681,3.7522829292419402e+02,2.5742955775684178e+00
268695,3.7522829292419402e+02,2.5742955775684178e+00
268709,3.7522829292419402e+02,2.5742955775684178e+00
268723,3.7522829292419402e+02,2.5742955775684178e+00
268737,3.7522829292419402e+02,2.5742955775684178e+00
268751,3.7522829292419402e+02,2.5742955775684178e+00
268771,3.7522829292419402e+02,2.5742955775684178e+00
268785,3.7522829292419402e+02,2.5742955775684178e+00
268799,3.7522829292419402e+02,2.5742955775684178e+00
268813,3.7522829292419402e+02,2.5742955775684178e+00
268827,3.7522829292419402e+02,2.5742955775684178e+00
268841,3.7522829292419402e+02,2.5742955775684178e+00
268861,3.7522829292419402e+02,2.5742955775684178e+00
268875,3.7522829292419402e+02,2.5742955775684178e+00
268889,3.7522829292419402e+02,2.5742955775684178e+00
268903,3.7522829292419402e+02,2.5742955775684178e+00
268917,3.7522829292419402e+02,2.5742955775684178e+00
268931,3.7522829292419402e+02,2.5742955775684178e+00
268951,3.7522829292419402e+02,2.5742955775684178e+00
268965,3.7522829292419402e+02,2.5742955775684178e+00
268979,3.7522829292419402e+02,2.5742955775684178e+00
268993,3.7522829292419402e+02,2.5742955775684178e+00
269007,3.7522829292419402e+02,2.5742955775684178e+00
269021,3.7522829292419402e+02,2.5742955775684178e+00
269041,3.7522829292419402e+02,2.5742955775684178e+00
269055,3.7522829292419402e+02,2.5742955775684178e+00
269069,3.7522829292419402e+02,2.5742955775684178e+00
269083,3.7522829292419402e+02,2.5742955775684178e+00
269097,3.7522829292419402e+02,2.5742955775684178e+00
269111,3.7522829292419402e+02,2.5742955775684178e+00
269131,3.7522829292419402e+02,2.5742955775684178e+00
269145,3.7522829292419402e+02,2.5742955775684178e+00
269159,3.7522829292419402e+02,2.5742955775684178e+00
269173,3.7522829292419402e+02,2.5742955775684178e+00
269187,3.7522829292419402e+02,2.5742955775684178e+00
269201,3.7522829292419402e+02,2.5742955775684178e+00
269221,3.7522829292419402e+02,2.5742955775684178e+00
269235,3.7522829292419402e+02,2.5742955775684178e+00
269249,3.7522829292419402e+02,2.5742955775684178e+00
269263,3.7522829292419402e+02,2.5742955775684178e+00
269277,3.7522829292419402e+02,2.5742955775684178e+00
269291,3.7522829292419402e+02,2.5742955775684178e+00
269311,3.7522829292419402e+02,2.5742955775684178e+00
269325,3.7522829292419402e+02,2.5742955775684178e+00
269339,3.7522829292419402e+02,2.5742955775684178e+00
269353,3.7522829292419402e+02,2.5742955775684178e+00
269367,3.7522829292419402e+02,2.5742955775684178e+00
269381,3.7522829292419402e+02,2.5742955775684178e+00
269401,3.7522829292419402e+02,2.5742955775684178e+00
269415,3.7522829292419402e+02,2.5742955775684178e+00
269429,3.7522829292419402e+02,2.5742955775684178e+00
269443,3.7522829292419402e+02,2.5742955775684178e+00
269457,3.7522829292419402e+02,2.5742955775684178e+00
269471,3.7522829292419402e+02,2.5742955775684178e+00
269490,3.7522829292419402e+02,2.5742955775684178e+00
269503,3.7522829292419402e+02,2.5742955775684178e+00
269516,3.7522829292419402e+02,2.5742955775684178e+00
269529,3.7522829292419402e+02,2.5742955775684178e+00
269542,3.7522829292419402e+02,2.5742955775684178e+00
269555,3.7522829292419402e+02,2.5742955775684178e+00
269574,3.7522829292419402e+02,2.5742955775684178e+00
269587,3.7522829292419402e+02,2.5742955775684178e+00
269600,3.7522829292419402e+02,2.5742955775684178e+00
269613,3.7522829292419402e+02,2.5742955775684178e+00
269626,3.7522829292419402e+02,2.5742955775684178e+00
269639,3.7522829292419402e+02,2.5742955775684178e+00
269658,3.7522829292419402e+02,2.5742955775684178e+00
269671,3.7522829292419402e+02,2.5742955775684178e+00
269684,3.7522829292419402e+02,2.5742955775684178e+00
269697,3.7522829292419402e+02,2.5742955775684178e+00
269710,3.7522829292419402e+02,2.5742955775684178e+00
269723,3.7522829292419402e+02,2.5742955775684178e+00
269742,3.7522829292419402e+02,2.5742955775684178e+00
269755,3.7522829292419402e+02,2.5742955775684178e+00
269768,3.7522829292419402e+02,2.5742955775684178e+00
269781,3.7522829292419402e+02,2.5742955775684178e+00
269794,3.7522829292419402e+02,2.5742955775684178e+00
269807,3.7522829292419402e+02,2.5742955775684178e+00
269826,3.7522829292419402e+02,2.5742955775684178e+00
269839,3.7522829292419402e+02,2.5742955775684178e+00
269852,3.7522829292419402e+02,2.5742955775684178e+00
269865,3.7522829292419402e+02,2.5742955775684178e+00
269878,3.7522829292419402e+02,2.5742955775684178e+00
269891,3.7522829292419402e+02,2.5742955775684178e+00
269910,3.7459678708111699e+02,2.5735640481088242e+00
269923,3.7459678708111699e+02,2.5735640481088242e+00
269936,3.7459678708111699e+02,2.5735640481088242e+00
269949,3.7459678708111699e+02,2.5735640481088242e+00
269962,3.7459678708111699e+02,2.5735640481088242e+00
269975,3.7459678708111699e+02,2.5735640481088242e+00
269994,3.7459678708111699e+02,2.5735640481088242e+00
270007,3.7459678708111699e+02,2.5735640481088242e+00
270020,3.7459678708111699e+02,2.5735640481088242e+00
270033,3.7459678708111699e+02,2.5735640481088242e+00
270046,3.7459678708111699e+02,2.5735640481088242e+00
270059,3.7459678708111699e+02,2.5735640481088242e+00
270078,3.7284905376310547e+02,2.5715330452515777e+00
270091,3.7284905376310547e+02,2.5715330452515777e+00
270104,3.7284905376310547e+02,2.5715330452515777e+00
270117,3.7284905376310547e+02,2.5715330452515777e+00
270130,3.7284905376310547e+02,2.5715330452515777e+00
270143,3.7284905376310547e+02,2.5715330452515777e+00
270162,3.7257574665632802e+02,2.5712145804685700e+00
270175,3.7257574665632802e+02,2.5712145804685700e+00
270188,3.7257574665632802e+02,2.5712145804685700e+00
270201,3.7257574665632802e+02,2.5712145804685700e+00
270214,3.7257574665632802e+02,2.5712145804685700e+00
270227,3.7257574665632802e+02,2.5712145804685700e+00
270246,3.7257574665632802e+02,2.5712145804685700e+00
270259,3.7257574665632802e+02,2.5712145804685700e+00
270272,3.7257574665632802e+02,2.5712145804685700e+00
270285,3.7257574665632802e+02,2.5712145804685700e+00
270298,3.7257574665632802e+02,2.5712145804685700e+00
270311,3.7257574665632802e+02,2.5712145804685700e+00
270330,3.7257574665632802e+02,2.5712145804685700e+00
270343,3.7257574665632802e+02,2.5712145804685700e+00
270356,3.7257574665632802e+02,2.5712145804685700e+00
270369,3.7257574665632802e+02,2.5712145804685700e+00
270382,3.7257574665632802e+02,2.5712145804685700e+00
270395,3.7257574665632802e+02,2.5712145804685700e+00
270414,3.7257574665632802e+02,2.5712145804685700e+00
270427,3.7257574665632802e+02,2.5712145804685700e+00
270440,3.7257574665632802e+02,2.5712145804685700e+00
270453,3.7257574665632802e+02,2.5712145804685700e+00
270466,3.7257574665632802e+02,2.5712145804685700e+00
270479,3.7257574665632802e+02,2.5712145804685700e+00
270498,3.7257574665632802e+02,2.5712145804685700e+00
270511,3.7257574665632802e+02,2.5712145804685700e+00
270524,3.7257574665632802e+02,2.5712145804685700e+00
270537,3.7257574665632802e+02,2.5712145804685700e+00
270550,3.7257574665632802e+02,2.5712145804685700e+00
270563,3.7257574665632802e+02,2.5712145804685700e+00
270582,3.7257574665632802e+02,2.5712145804685700e+00
270595,3.7257574665632802e+02,2.5712145804685700e+00
270608,3.7257574665632802e+02,2.5712145804685700e+00
270621,3.7257574665632802e+02,2.5712145804685700e+00
270634,3.7257574665632802e+02,2.5712145804685700e+00
270647,3.7257574665632802e+02,2.5712145804685700e+00
270666,3.7257574665632802e+02,2.5712145804685700e+00
270679,3.7257574665632802e+02,2.5712145804685700e+00
270692,3.7257574665632802e+02,2.5712145804685700e+00
270705,3.7257574665632802e+02,2.5712145804685700e+00
270718,3.7257574665632802e+02,2.5712145804685700e+00
270731,3.7257574665632802e+02,2.5712145804685700e+00
270750,3.7257574665632802e+02,2.5712145804685700e+00
270763,3.7257574665632802e+02,2.5712145804685700e+00
270776,3.7257574665632802e+02,2.5712145804685700e+00
270789,3.7257574665632802e+02,2.5712145804685700e+00
270802,3.7257574665632802e+02,2.5712145804685700e+00
270815,3.7257574665632802e+02,2.5712145804685700e+00
270834,3.7257574665632802e+02,2.5712145804685700e+00
270847,3.7257574665632802e+02,2.5712145804685700e+00
270860,3.7257574665632802e+02,2.5712145804685700e+00
270873,3.7257574665632802e+02,2.5712145804685700e+00
270886,3.7257574665632802e+02,2.5712145804685700e+00
270899,3.7257574665632802e+02,2.5712145804685700e+00
270918,3.7257574665632802e+02,2.5712145804685700e+00
270931,3.7257574665632802e+02,2.5712145804685700e+00
270944,3.7257574665632802e+02,2.5712145804685700e+00
270957,3.7257574665632802e+02,2.5712145804685700e+00
270970,3.7257574665632802e+02,2.5712145804685700e+00
270983,3.7257574665632802e+02,2.5712145804685700e+00
271002,3.7257574665632802e+02,2.5712145804685700e+00
271015,3.7257574665632802e+02,2.5712145804685700e+00
271028,3.7257574665632802e+02,2.5712145804685700e+00
271041,3.7257574665632802e+02,2.5712145804685700e+00
271054,3.7257574665632802e+02,2.5712145804685700e+00
271067,3.7257574665632802e+02,2.5712145804685700e+00
271086,3.7257574665632802e+02,2.5712145804685700e+00
271099,3.7257574665632802e+02,2.5712145804685700e+00
271112,3.7257574665632802e+02,2.5712145804685700e+00
271125,3.7257574665632802e+02,2.5712145804685700e+00
271138,3.7257574665632802e+02,2.5712145804685700e+00
271151,3.7257574665632802e+02,2.5712145804685700e+00
271170,3.7257574665632802e+02,2.5712145804685700e+00
271183,3.7257574665632802e+02,2.5712145804685700e+00
271196,3.7257574665632802e+02,2.5712145804685700e+00
271209,3.7257574665632802e+02,2.5712145804685700e+00
271222,3.7257574665632802e+02,2.5712145804685700e+00
271235,3.7257574665632802e+02,2.5712145804685700e+00
271254,3.7257574665632802e+02,2.5712145804685700e+00
271267,3.7257574665632802e+02,2.5712145804685700e+00
271280,3.7257574665632802e+02,2.5712145804685700e+00
271293,3.7257574665632802e+02,2.5712145804685700e+00
271306,3.7257574665632802e+02,2.5712145804685700e+00
271319,3.7257574665632802e+02,2.5712145804685700e+00
271338,3.7257574665632802e+02,2.5712145804685700e+00
271351,3.7257574665632802e+02,2.5712145804685700e+00
271364,3.7257574665632802e+02,2.5712145804685700e+00
271377,3.7257574665632802e+02,2.5712145804685700e+00
271390,3.7257574665632802e+02,2.5712145804685700e+00
271403,3.7257574665632802e+02,2.5712145804685700e+00
271422,3.7257574665632802e+02,2.5712145804685700e+00
271435,3.7257574665632802e+02,2.5712145804685700e+00
271448,3.7257574665632802e+02,2.5712145804685700e+00
271461,3.7257574665632802e+02,2.5712145804685700e+00
271474,3.7257574665632802e+02,2.5712145804685700e+00
271487,3.7257574665632802e+02,2.5712145804685700e+00
271506,3.7257574665632802e+02,2.5712145804685700e+00
271519,3.7257574665632802e+02,2.5712145804685700e+00
271532,3.7257574665632802e+02,2.5712145804685700e+00
271545,3.7257574665632802e+02,2.5712145804685700e+00
271558,3.7257574665632802e+02,2.5712145804685700e+00
271571,3.7257574665632802e+02,2.5712145804685700e+00
271590,3.7257574665632802e+02,2.5712145804685700e+00
271603,3.7257574665632802e+02,2.5712145804685700e+00
271616,3.7257574665632802e+02,2.5712145804685700e+00
271629,3.7257574665632802e+02,2.5712145804685700e+00
271642,3.7257574665632802e+02,2.5712145804685700e+00
271655,3.7257574665632802e+02,2.5712145804685700e+00
271674,3.7257574665632802e+02,2.5712145804685700e+00
271687,3.7257574665632802e+02,2.5712145804685700e+00
271700,3.7257574665632802e+02,2.5712145804685700e+00
271713,3.7257574665632802e+02,2.5712145804685700e+00
271726,3.7257574665632802e+02,2.5712145804685700e+00
271739,3.7257574665632802e+02,2.5712145804685700e+00
271758,3.7257574665632802e+02,2.5712145804685700e+00
271771,3.7257574665632802e+02,2.5712145804685700e+00
271784,3.7257574665632802e+02,2.5712145804685700e+00
271797,3.7257574665632802e+02,2.5712145804685700e+00
271810,3.7257574665632802e+02,2.5712145804685700e+00
271823,3.7257574665632802e+02,2.5712145804685700e+00
271842,3.7257574665632802e+02,2.5712145804685700e+00
271855,3.7257574665632802e+02,2.5712145804685700e+00
271868,3.7257574665632802e+02,2.5712145804685700e+00
271881,3.7257574665632802e+02,2.5712145804685700e+00
271894,3.7257574665632802e+02,2.5712145804685700e+00
271907,3.7257574665632802e+02,2.5712145804685700e+00
271926,3.7257574665632802e+02,2.5712145804685700e+00
271939,3.7257574665632802e+02,2.5712145804685700e+00
271952,3.7257574665632802e+02,2.5712145804685700e+00
271965,3.7257574665632802e+02,2.5712145804685700e+00
271978,3.7257574665632802e+02,2.5712145804685700e+00
271991,3.7257574665632802e+02,2.5712145804685700e+00
272010,3.7257574665632802e+02,2.5712145804685700e+00
272023,3.7257574665632802e+02,2.5712145804685700e+00
272036,3.7257574665632802e+02,2.5712145804685700e+00
272049,3.7257574665632802e+02,2.5712145804685700e+00
272062,3.7257574665632802e+02,2.5712145804685700e+00
272075,3.7257574665632802e+02,2.5712145804685700e+00
272094,3.7257574665632802e+02,2.5712145804685700e+00
272107,3.7257574665632802e+02,2.5712145804685700e+00
272120,3.7257574665632802e+02,2.5712145804685700e+00
272133,3.7257574665632802e+02,2.5712145804685700e+00
272146,3.7257574665632802e+02,2.5712145804685700e+00
272159,3.7257574665632802e+02,2.5712145804685700e+00
272178,3.7257574665632802e+02,2.5712145804685700e+00
272191,3.7257574665632802e+02,2.5712145804685700e+00
272204,3.7257574665632802e+02,2.5712145804685700e+00
272217,3.7257574665632802e+02,2.5712145804685700e+00
272230,3.7257574665632802e+02,2.5712145804685700e+00
272243,3.7257574665632802e+02,2.5712145804685700e+00
272262,3.7257574665632802e+02,2.5712145804685700e+00
272275,3.7257574665632802e+02,2.5712145804685700e+00
272288,3.7257574665632802e+02,2.5712145804685700e+00
272301,3.7257574665632802e+02,2.5712145804685700e+00
272314,3.7257574665632802e+02,2.5712145804685700e+00
272327,3.7257574665632802e+02,2.5712145804685700e+00
272346,3.7257574665632802e+02,2.5712145804685700e+00
272359,3.7257574665632802e+02,2.5712145804685700e+00
272372,3.7257574665632802e+02,2.5712145804685700e+00
272385,3.7257574665632802e+02,2.5712145804685700e+00
272398,3.7257574665632802e+02,2.5712145804685700e+00
272411,3.7257574665632802e+02,2.5712145804685700e+00
272430,3.7257574665632802e+02,2.5712145804685700e+00
272443,3.7257574665632802e+02,2.5712145804685700e+00
272456,3.7257574665632802e+02,2.5712145804685700e+00
272469,3.7257574665632802e+02,2.5712145804685700e+00
272482,3.7257574665632802e+02,2.5712145804685700e+00
272495,3.7257574665632802e+02,2.5712145804685700e+00
272514,3.7257574665632802e+02,2.5712145804685700e+00
272527,3.7257574665632802e+02,2.5712145804685700e+00
272540,3.7257574665632802e+02,2.5712145804685700e+00
272553,3.7257574665632802e+02,2.5712145804685700e+00
272566,3.7257574665632802e+02,2.5712145804685700e+00
272579,3.7257574665632802e+02,2.5712145804685700e+00
272598,3.7257574665632802e+02,2.5712145804685700e+00
272611,3.7257574665632802e+02,2.5712145804685700e+00
272624,3.7257574665632802e+02,2.5712145804685700e+00
272637,3.7257574665632802e+02,2.5712145804685700e+00
272650,3.7257574665632802e+02,2.5712145804685700e+00
272663,3.7257574665632802e+02,2.5712145804685700e+00
272682,3.7257574665632802e+02,2.5712145804685700e+00
272695,3.7257574665632802e+02,2.5712145804685700e+00
272708,3.7257574665632802e+02,2.5712145804685700e+00
272721,3.7257574665632802e+02,2.5712145804685700e+00
272734,3.7257574665632802e+02,2.5712145804685700e+00
272747,3.7257574665632802e+02,2.5712145804685700e+00
272766,3.7257574665632802e+02,2.5712145804685700e+00
272779,3.7257574665632802e+02,2.5712145804685700e+00
272792,3.7257574665632802e+02,2.5712145804685700e+00
272805,3.7257574665632802e+02,2.5712145804685700e+00
272818,3.7257574665632802e+02,2.5712145804685700e+00
272831,3.7257574665632802e+02,2.5712145804685700e+00
272850,3.7257574665632802e+02,2.5712145804685700e+00
272863,3.7257574665632802e+02,2.5712145804685700e+00
272876,3.7257574665632802e+02,2.5712145804685700e+00
272889,3.7257574665632802e+02,2.5712145804685700e+00
272902,3.7257574665632802e+02,2.5712145804685700e+00
272915,3.7257574665632802e+02,2.5712145804685700e+00
272934,3.7257574665632802e+02,2.5712145804685700e+00
272947,3.7257574665632802e+02,2.5712145804685700e+00
272960,3.7257574665632802e+02,2.5712145804685700e+00
272973,3.7257574665632802e+02,2.5712145804685700e+00
272986,3.7257574665632802e+02,2.5712145804685700e+00
272999,3.7257574665632802e+02,2.5712145804685700e+00
273018,3.7257574665632802e+02,2.5712145804685700e+00
273031,3.7257574665632802e+02,2.5712145804685700e+00
273044,3.7257574665632802e+02,2.5712145804685700e+00
273057,3.7257574665632802e+02,2.5712145804685700e+00
273070,3.7257574665632802e+02,2.5712145804685700e+00
273083,3.7257574665632802e+02,2.5712145804685700e+00
273102,3.7257574665632802e+02,2.5712145804685700e+00
273115,3.7257574665632802e+02,2.5712145804685700e+00
273128,3.7257574665632802e+02,2.5712145804685700e+00
273141,3.7257574665632802e+02,2.5712145804685700e+00
273154,3.7257574665632802e+02,2.5712145804685700e+00
273167,3.7257574665632802e+02,2.5712145804685700e+00
273186,3.7257574665632802e+02,2.5712145804685700e+00
273199,3.7257574665632802e+02,2.5712145804685700e+00
273212,3.7257574665632802e+02,2.5712145804685700e+00
273225,3.7257574665632802e+02,2.5712145804685700e+00
273238,3.7257574665632802e+02,2.5712145804685700e+00
273251,3.7257574665632802e+02,2.5712145804685700e+00
273270,3.7257574665632802e+02,2.5712145804685700e+00
273283,3.7257574665632802e+02,2.5712145804685700e+00
273296,3.7257574665632802e+02,2.5712145804685700e+00
273309,3.7257574665632802e+02,2.5712145804685700e+00
273322,3.7257574665632802e+02,2.5712145804685700e+00
273335,3.7257574665632802e+02,2.5712145804685700e+00
273354,3.7257574665632802e+02,2.5712145804685700e+00
273367,3.7257574665632802e+02,2.5712145804685700e+00
273380,3.7257574665632802e+02,2.5712145804685700e+00
273393,3.7257574665632802e+02,2.5712145804685700e+00
273406,3.7257574665632802e+02,2.5712145804685700e+00
273419,3.7257574665632802e+02,2.5712145804685700e+00
273438,3.7257574665632802e+02,2.5712145804685700e+00
273451,3.7257574665632802e+02,2.5712145804685700e+00
273464,3.7257574665632802e+02,2.5712145804685700e+00
273477,3.7257574665632802e+02,2.5712145804685700e+00
273490,3.7257574665632802e+02,2.5712145804685700e+00
273503,3.7257574665632802e+02,2.5712145804685700e+00
273522,3.7257574665632802e+02,2.5712145804685700e+00
273535,3.7257574665632802e+02,2.5712145804685700e+00
273548,3.7257574665632802e+02,2.5712145804685700e+00
273561,3.7257574665632802e+02,2.5712145804685700e+00
273574,3.7257574665632802e+02,2.5712145804685700e+00
273587,3.7257574665632802e+02,2.5712145804685700e+00
273606,3.7257574665632802e+02,2.5712145804685700e+00
273619,3.7257574665632802e+02,2.5712145804685700e+00
273632,3.7257574665632802e+02,2.5712145804685700e+00
273645,3.7257574665632802e+02,2.5712145804685700e+00
273658,3.7257574665632802e+02,2.5712145804685700e+00
273671,3.7257574665632802e+02,2.5712145804685700e+00
273690,3.7257574665632802e+02,2.5712145804685700e+00
273703,3.7257574665632802e+02,2.5712145804685700e+00
273716,3.7257574665632802e+02,2.5712145804685700e+00
273729,3.7257574665632802e+02,2.5712145804685700e+00
273742,3.7257574665632802e+02,2.5712145804685700e+00
273755,3.7257574665632802e+02,2.5712145804685700e+00
273774,3.7257292865392043e+02,2.5712112956398205e+00
273787,3.7257292865392043e+02,2.5712112956398205e+00
273800,3.7257292865392043e+02,2.5712112956398205e+00
273813,3.7257292865392043e+02,2.5712112956398205e+00
273826,3.7257292865392043e+02,2.5712112956398205e+00
273839,3.7257292865392043e+02,2.5712112956398205e+00
273858,3.7257292865392043e+02,2.5712112956398205e+00
273871,3.7257292865392043e+02,2.5712112956398205e+00
273884,3.7257292865392043e+02,2.5712112956398205e+00
273897,3.7257292865392043e+02,2.5712112956398205e+00
273910,3.7257292865392043e+02,2.5712112956398205e+00
273923,3.7257292865392043e+02,2.5712112956398205e+00
273942,3.7257292865392043e+02,2.5712112956398205e+00
273955,3.7257292865392043e+02,2.5712112956398205e+00
273968,3.7257292865392043e+02,2.5712112956398205e+00
273981,3.7257292865392043e+02,2.5712112956398205e+00
273994,3.7257292865392043e+02,2.5712112956398205e+00
274007,3.7257292865392043e+02,2.5712112956398205e+00
274026,3.7257292865392043e+02,2.5712112956398205e+00
274039,3.7257292865392043e+02,2.5712112956398205e+00
274052,3.7257292865392043e+02,2.5712112956398205e+00
274065,3.7257292865392043e+02,2.5712112956398205e+00
274078,3.7257292865392043e+02,2.5712112956398205e+00
274091,3.7257292865392043e+02,2.5712112956398205e+00
274110,3.7257292865392043e+02,2.5712112956398205e+00
274123,3.7257292865392043e+02,2.5712112956398205e+00
274136,3.7257292865392043e+02,2.5712112956398205e+00
274149,3.7257292865392043e+02,2.5712112956398205e+00
274162,3.7257292865392043e+02,2.5712112956398205e+00
274175,3.7257292865392043e+02,2.5712112956398205e+00
274194,3.7257292865392043e+02,2.5712112956398205e+00
274207,3.7257292865392043e+02,2.5712112956398205e+00
274220,3.7257292865392043e+02,2.5712112956398205e+00
274233,3.7257292865392043e+02,2.5712112956398205e+00
274246,3.7257292865392043e+02,2.5712112956398205e+00
274259,3.7257292865392043e+02,2.5712112956398205e+00
274278,3.7257292865392043e+02,2.5712112956398205e+00
274291,3.7257292865392043e+02,2.5712112956398205e+00
274304,3.7257292865392043e+02,2.5712112956398205e+00
274317,3.7257292865392043e+02,2.5712112956398205e+00
274330,3.7257292865392043e+02,2.5712112956398205e+00
274343,3.7257292865392043e+02,2.5712112956398205e+00
274362,3.7257292865392043e+02,2.5712112956398205e+00
274375,3.7257292865392043e+02,2.5712112956398205e+00
274388,3.7257292865392043e+02,2.5712112956398205e+00
274401,3.7257292865392043e+02,2.5712112956398205e+00
274414,3.7257292865392043e+02,2.5712112956398205e+00
274427,3.7257292865392043e+02,2.5712112956398205e+00
274446,3.7257292865392043e+02,2.5712112956398205e+00
274459,3.7257292865392043e+02,2.5712112956398205e+00
274472,3.7257292865392043e+02,2.5712112956398205e+00
274485,3.7257292865392043e+02,2.5712112956398205e+00
274498,3.7257292865392043e+02,2.5712112956398205e+00
274511,3.7257292865392043e+02,2.5712112956398205e+00
274530,3.7257292865392043e+02,2.5712112956398205e+00
274543,3.7257292865392043e+02,2.5712112956398205e+00
274556,3.7257292865392043e+02,2.5712112956398205e+00
274569,3.7257292865392043e+02,2.5712112956398205e+00
274582,3.7257292865392043e+02,2.5712112956398205e+00
274595,3.7257292865392043e+02,2.5712112956398205e+00
274614,3.7254184428914402e+02,2.5711750602339638e+00
274627,3.7254184428914402e+02,2.5711750602339638e+00
274640,3.7254184428914402e+02,2.5711750602339638e+00
274653,3.7254184428914402e+02,2.5711750602339638e+00
274666,3.7254184428914402e+02,2.5711750602339638e+00
274679,3.7254184428914402e+02,2.5711750602339638e+00
274698,3.7254184428914402e+02,2.5711750602339638e+00
274711,3.7254184428914402e+02,2.5711750602339638e+00
274724,3.7254184428914402e+02,2.5711750602339638e+00
274737,3.7254184428914402e+02,2.5711750602339638e+00
274750,3.7254184428914402e+02,2.5711750602339638e+00
274763,3.7254184428914402e+02,2.5711750602339638e+00
274782,3.7254184428914402e+02,2.5711750602339638e+00
274795,3.7254184428914402e+02,2.5711750602339638e+00
274808,3.7254184428914402e+02,2.5711750602339638e+00
274821,3.7254184428914402e+02,2.5711750602339638e+00
274834,3.7254184428914402e+02,2.5711750602339638e+00
274847,3.7254184428914402e+02,2.5711750602339638e+00
274866,3.7254184428914402e+02,2.5711750602339638e+00
274879,3.7254184428914402e+02,2.5711750602339638e+00
274892,3.7254184428914402e+02,2.5711750602339638e+00
274905,3.7254184428914402e+02,2.5711750602339638e+00
274918,3.7254184428914402e+02,2.5711750602339638e+00
274931,3.7254184428914402e+02,2.5711750602339638e+00
274950,3.7254184428914402e+02,2.5711750602339638e+00
274963,3.7254184428914402e+02,2.5711750602339638e+00
274976,3.7254184428914402e+02,2.5711750602339638e+00
274989,3.7254184428914402e+02,2.5711750602339638e+00
275002,3.7254184428914402e+02,2.5711750602339638e+00
275015,3.7254184428914402e+02,2.5711750602339638e+00
275034,3.7254184428914402e+02,2.5711750602339638e+00
275047,3.7254184428914402e+02,2.5711750602339638e+00
275060,3.7254184428914402e+02,2.5711750602339638e+00
275073,3.7254184428914402e+02,2.5711750602339638e+00
275086,3.7254184428914402e+02,2.5711750602339638e+00
275099,3.7254184428914402e+02,2.5711750602339638e+00
275118,3.7254184428914402e+02,2.5711750602339638e+00
275131,3.7254184428914402e+02,2.5711750602339638e+00
275144,3.7254184428914402e+02,2.5711750602339638e+00
275157,3.7254184428914402e+02,2.5711750602339638e+00
275170,3.7254184428914402e+02,2.5711750602339638e+00
275183,3.7254184428914402e+02,2.5711750602339638e+00
275202,3.7254184428914402e+02,2.5711750602339638e+00
275215,3.7254184428914402e+02,2.5711750602339638e+00
275228,3.7254184428914402e+02,2.5711750602339638e+00
275241,3.7254184428914402e+02,2.5711750602339638e+00
275254,3.7254184428914402e+02,2.5711750602339638e+00
275267,3.7254184428914402e+02,2.5711750602339638e+00
275286,3.7254184428914402e+02,2.5711750602339638e+00
275299,3.7254184428914402e+02,2.5711750602339638e+00
275312,3.7254184428914402e+02,2.5711750602339638e+00
275325,3.7254184428914402e+02,2.5711750602339638e+00
275338,3.7254184428914402e+02,2.5711750602339638e+00
275351,3.7254184428914402e+02,2.5711750602339638e+00
275370,3.7254184428914402e+02,2.5711750602339638e+00
275383,3.7254184428914402e+02,2.5711750602339638e+00
275396,3.7254184428914402e+02,2.5711750602339638e+00
275409,3.7254184428914402e+02,2.5711750602339638e+00
275422,3.7254184428914402e+02,2.5711750602339638e+00
275435,3.7254184428914402e+02,2.5711750602339638e+00
275454,3.7252591500549300e+02,2.5711564901108974e+00
275467,3.7252591500549300e+02,2.5711564901108974e+00
275480,3.7252591500549300e+02,2.5711564901108974e+00
275493,3.7252591500549300e+02,2.5711564901108974e+00
275506,3.7252591500549300e+02,2.5711564901108974e+00
275519,3.7252591500549300e+02,2.5711564901108974e+00
275538,3.7252591500549300e+02,2.5711564901108974e+00
275551,3.7252591500549300e+02,2.5711564901108974e+00
275564,3.7252591500549300e+02,2.5711564901108974e+00
275577,3.7252591500549300e+02,2.5711564901108974e+00
275590,3.7252591500549300e+02,2.5711564901108974e+00
275603,3.7252591500549300e+02,2.5711564901108974e+00
275622,3.7252591500549300e+02,2.5711564901108974e+00
275635,3.7252591500549300e+02,2.5711564901108974e+00
275648,3.7252591500549300e+02,2.5711564901108974e+00
275661,3.7252591500549300e+02,2.5711564901108974e+00
275674,3.7252591500549300e+02,2.5711564901108974e+00
275687,3.7252591500549300e+02,2.5711564901108974e+00
275706,3.7164698754435631e+02,2.5701306168963600e+00
275719,3.7164698754435631e+02,2.5701306168963600e+00
275732,3.7164698754435631e+02,2.5701306168963600e+00
275745,3.7164698754435631e+02,2.5701306168963600e+00
275758,3.7164698754435631e+02,2.5701306168963600e+00
275771,3.7164698754435631e+02,2.5701306168963600e+00
275790,3.7164698754435631e+02,2.5701306168963600e+00
275803,3.7164698754435631e+02,2.5701306168963600e+00
275816,3.7164698754435631e+02,2.5701306168963600e+00
275829,3.7164698754435631e+02,2.5701306168963600e+00
275842,3.7164698754435631e+02,2.5701306168963600e+00
275855,3.7164698754435631e+02,2.5701306168963600e+00
275874,3.7164698754435631e+02,2.5701306168963600e+00
275887,3.7164698754435631e+02,2.5701306168963600e+00
275900,3.7164698754435631e+02,2.5701306168963600e+00
275913,3.7164698754435631e+02,2.5701306168963600e+00
275926,3.7164698754435631e+02,2.5701306168963600e+00
275939,3.7164698754435631e+02,2.5701306168963600e+00
275958,3.7164698754435631e+02,2.5701306168963600e+00
275971,3.7164698754435631e+02,2.5701306168963600e+00
275984,3.7164698754435631e+02,2.5701306168963600e+00
275997,3.7164698754435631e+02,2.5701306168963600e+00
276010,3.7164698754435631e+02,2.5701306168963600e+00
276023,3.7164698754435631e+02,2.5701306168963600e+00
276042,3.7164698754435631e+02,2.5701306168963600e+00
276055,3.7164698754435631e+02,2.5701306168963600e+00
276068,3.7164698754435631e+02,2.5701306168963600e+00
276081,3.7164698754435631e+02,2.5701306168963600e+00
276094,3.7164698754435631e+02,2.5701306168963600e+00
276107,3.7164698754435631e+02,2.5701306168963600e+00
276126,3.7164698754435631e+02,2.5701306168963600e+00
276139,3.7164698754435631e+02,2.5701306168963600e+00
276152,3.7164698754435631e+02,2.5701306168963600e+00
276165,3.7164698754435631e+02,2.5701306168963600e+00
276178,3.7164698754435631e+02,2.5701306168963600e+00
276191,3.7164698754435631e+02,2.5701306168963600e+00
276210,3.7164698754435631e+02,2.5701306168963600e+00
276223,3.7164698754435631e+02,2.5701306168963600e+00
276236,3.7164698754435631e+02,2.5701306168963600e+00
276249,3.7164698754435631e+02,2.5701306168963600e+00
276262,3.7164698754435631e+02,2.5701306168963600e+00
276275,3.7164698754435631e+02,2.5701306168963600e+00
276294,3.7162551931554498e+02,2.5701055291035906e+00
276307,3.7162551931554498e+02,2.5701055291035906e+00
276320,3.7162551931554498e+02,2.5701055291035906e+00
276333,3.7162551931554498e+02,2.5701055291035906e+00
276346,3.7162551931554498e+02,2.5701055291035906e+00
276359,3.7162551931554498e+02,2.5701055291035906e+00
276378,3.7162551931554498e+02,2.5701055291035906e+00
276391,3.7162551931554498e+02,2.5701055291035906e+00
276404,3.7162551931554498e+02,2.5701055291035906e+00
276417,3.7162551931554498e+02,2.5701055291035906e+00
276430,3.7162551931554498e+02,2.5701055291035906e+00
276443,3.7162551931554498e+02,2.5701055291035906e+00
276462,3.7162551931554498e+02,2.5701055291035906e+00
276475,3.7162551931554498e+02,2.5701055291035906e+00
276488,3.7162551931554498e+02,2.5701055291035906e+00
276501,3.7162551931554498e+02,2.5701055291035906e+00
276514,3.7162551931554498e+02,2.5701055291035906e+00
276527,3.7162551931554498e+02,2.5701055291035906e+00
276546,3.7162551931554498e+02,2.5701055291035906e+00
276559,3.7162551931554498e+02,2.5701055291035906e+00
276572,3.7162551931554498e+02,2.5701055291035906e+00
276585,3.7162551931554498e+02,2.5701055291035906e+00
276598,3.7162551931554498e+02,2.5701055291035906e+00
276611,3.7162551931554498e+02,2.5701055291035906e+00
276630,3.7162551931554498e+02,2.5701055291035906e+00
276643,3.7162551931554498e+02,2.5701055291035906e+00
276656,3.7162551931554498e+02,2.5701055291035906e+00
276669,3.7162551931554498e+02,2.5701055291035906e+00
276682,3.7162551931554498e+02,2.5701055291035906e+00
276695,3.7162551931554498e+02,2.5701055291035906e+00
276714,3.7162551931554498e+02,2.5701055291035906e+00
276727,3.7162551931554498e+02,2.5701055291035906e+00
276740,3.7162551931554498e+02,2.5701055291035906e+00
276753,3.7162551931554498e+02,2.5701055291035906e+00
276766,3.7162551931554498e+02,2.5701055291035906e+00
276779,3.7162551931554498e+02,2.5701055291035906e+00
276798,3.7162551931554498e+02,2.5701055291035906e+00
276811,3.7162551931554498e+02,2.5701055291035906e+00
276824,3.7162551931554498e+02,2.5701055291035906e+00
276837,3.7162551931554498e+02,2.5701055291035906e+00
276850,3.7162551931554498e+02,2.5701055291035906e+00
276863,3.7162551931554498e+02,2.5701055291035906e+00
276882,3.7162551931554498e+02,2.5701055291035906e+00
276895,3.7162551931554498e+02,2.5701055291035906e+00
276908,3.7162551931554498e+02,2.5701055291035906e+00
276921,3.7162551931554498e+02,2.5701055291035906e+00
276934,3.7162551931554498e+02,2.5701055291035906e+00
276947,3.7162551931554498e+02,2.5701055291035906e+00
276966,3.7162551931554498e+02,2.5701055291035906e+00
276979,3.7162551931554498e+02,2.5701055291035906e+00
276992,3.7162551931554498e+02,2.5701055291035906e+00
277005,3.7162551931554498e+02,2.5701055291035906e+00
277018,3.7162551931554498e+02,2.5701055291035906e+00
277031,3.7162551931554498e+02,2.5701055291035906e+00
277050,3.7162551931554498e+02,2.5701055291035906e+00
277063,3.7162551931554498e+02,2.5701055291035906e+00
277076,3.7162551931554498e+02,2.5701055291035906e+00
277089,3.7162551931554498e+02,2.5701055291035906e+00
277102,3.7162551931554498e+02,2.5701055291035906e+00
277115,3.7162551931554498e+02,2.5701055291035906e+00
277134,3.7160233924709343e+02,2.5700784392260898e+00
277147,3.7160233924709343e+02,2.5700784392260898e+00
277160,3.7160233924709343e+02,2.5700784392260898e+00
277173,3.7160233924709343e+02,2.5700784392260898e+00
277186,3.7160233924709343e+02,2.5700784392260898e+00
277199,3.7160233924709343e+02,2.5700784392260898e+00
277218,3.7160233924709343e+02,2.5700784392260898e+00
277231,3.7160233924709343e+02,2.5700784392260898e+00
277244,3.7160233924709343e+02,2.5700784392260898e+00
277257,3.7160233924709343e+02,2.5700784392260898e+00
277270,3.7160233924709343e+02,2.5700784392260898e+00
277283,3.7160233924709343e+02,2.5700784392260898e+00
277302,3.7160233924709343e+02,2.5700784392260898e+00
277315,3.7160233924709343e+02,2.5700784392260898e+00
277328,3.7160233924709343e+02,2.5700784392260898e+00
277341,3.7160233924709343e+02,2.5700784392260898e+00
277354,3.7160233924709343e+02,2.5700784392260898e+00
277367,3.7160233924709343e+02,2.5700784392260898e+00
277386,3.7160233924709343e+02,2.5700784392260898e+00
277399,3.7160233924709343e+02,2.5700784392260898e+00
277412,3.7160233924709343e+02,2.5700784392260898e+00
277425,3.7160233924709343e+02,2.5700784392260898e+00
277438,3.7160233924709343e+02,2.5700784392260898e+00
277451,3.7160233924709343e+02,2.5700784392260898e+00
277470,3.7160233924709343e+02,2.5700784392260898e+00
277483,3.7160233924709343e+02,2.5700784392260898e+00
277496,3.7160233924709343e+02,2.5700784392260898e+00
277509,3.7160233924709343e+02,2.5700784392260898e+00
277522,3.7160233924709343e+02,2.5700784392260898e+00
277535,3.7160233924709343e+02,2.5700784392260898e+00
277554,3.7160233924709343e+02,2.5700784392260898e+00
277567,3.7160233924709343e+02,2.5700784392260898e+00
277580,3.7160233924709343e+02,2.5700784392260898e+00
277593,3.7160233924709343e+02,2.5700784392260898e+00
277606,3.7160233924709343e+02,2.5700784392260898e+00
277619,3.7160233924709343e+02,2.5700784392260898e+00
277638,3.7160233924709343e+02,2.5700784392260898e+00
277651,3.7160233924709343e+02,2.5700784392260898e+00
277664,3.7160233924709343e+02,2.5700784392260898e+00
277677,3.7160233924709343e+02,2.5700784392260898e+00
277690,3.7160233924709343e+02,2.5700784392260898e+00
277703,3.7160233924709343e+02,2.5700784392260898e+00
277722,3.7160233924709343e+02,2.5700784392260898e+00
277735,3.7160233924709343e+02,2.5700784392260898e+00
277748,3.7160233924709343e+02,2.5700784392260898e+00
277761,3.7160233924709343e+02,2.5700784392260898e+00
277774,3.7160233924709343e+02,2.5700784392260898e+00
277787,3.7160233924709343e+02,2.5700784392260898e+00
277806,3.7160233924709343e+02,2.5700784392260898e+00
277819,3.7160233924709343e+02,2.5700784392260898e+00
277832,3.7160233924709343e+02,2.5700784392260898e+00
277845,3.7160233924709343e+02,2.5700784392260898e+00
277858,3.7160233924709343e+02,2.5700784392260898e+00
277871,3.7160233924709343e+02,2.5700784392260898e+00
277890,3.7160233924709343e+02,2.5700784392260898e+00
277903,3.7160233924709343e+02,2.5700784392260898e+00
277916,3.7160233924709343e+02,2.5700784392260898e+00
277929,3.7160233924709343e+02,2.5700784392260898e+00
277942,3.7160233924709343e+02,2.5700784392260898e+00
277955,3.7160233924709343e+02,2.5700784392260898e+00
277974,3.7159280485902798e+02,2.5700672961712456e+00
277987,3.7159280485902798e+02,2.5700672961712456e+00
278000,3.7159280485902798e+02,2.5700672961712456e+00
278013,3.7159280485902798e+02,2.5700672961712456e+00
278026,3.7159280485902798e+02,2.5700672961712456e+00
278039,3.7159280485902798e+02,2.5700672961712456e+00
278058,3.7159280485902798e+02,2.5700672961712456e+00
278071,3.7159280485902798e+02,2.5700672961712456e+00
278084,3.7159280485902798e+02,2.5700672961712456e+00
278097,3.7159280485902798e+02,2.5700672961712456e+00
278110,3.7159280485902798e+02,2.5700672961712456e+00
278123,3.7159280485902798e+02,2.5700672961712456e+00
278142,3.7159280485902798e+02,2.5700672961712456e+00
278155,3.7159280485902798e+02,2.5700672961712456e+00
278168,3.7159280485902798e+02,2.5700672961712456e+00
278181,3.7159280485902798e+02,2.5700672961712456e+00
278194,3.7159280485902798e+02,2.5700672961712456e+00
278207,3.7159280485902798e+02,2.5700672961712456e+00
278226,3.7159280485902798e+02,2.5700672961712456e+00
278239,3.7159280485902798e+02,2.5700672961712456e+00
278252,3.7159280485902798e+02,2.5700672961712456e+00
278265,3.7159280485902798e+02,2.5700672961712456e+00
278278,3.7159280485902798e+02,2.5700672961712456e+00
278291,3.7159280485902798e+02,2.5700672961712456e+00
278310,3.7159280485902798e+02,2.5700672961712456e+00
278323,3.7159280485902798e+02,2.5700672961712456e+00
278336,3.7159280485902798e+02,2.5700672961712456e+00
278349,3.7159280485902798e+02,2.5700672961712456e+00
278362,3.7159280485902798e+02,2.5700672961712456e+00
278375,3.7159280485902798e+02,2.5700672961712456e+00
278394,3.7159280485902798e+02,2.5700672961712456e+00
278407,3.7159280485902798e+02,2.5700672961712456e+00
278420,3.7159280485902798e+02,2.5700672961712456e+00
278433,3.7159280485902798e+02,2.5700672961712456e+00
278446,3.7159280485902798e+02,2.5700672961712456e+00
278459,3.7159280485902798e+02,2.5700672961712456e+00
278478,3.7159280485902798e+02,2.5700672961712456e+00
278491,3.7159280485902798e+02,2.5700672961712456e+00
278504,3.7159280485902798e+02,2.5700672961712456e+00
278517,3.7159280485902798e+02,2.5700672961712456e+00
278530,3.7159280485902798e+02,2.5700672961712456e+00
278543,3.7159280485902798e+02,2.5700672961712456e+00
278562,3.7159280485902798e+02,2.5700672961712456e+00
278575,3.7159280485902798e+02,2.5700672961712456e+00
278588,3.7159280485902798e+02,2.5700672961712456e+00
278601,3.7159280485902798e+02,2.5700672961712456e+00
278614,3.7159280485902798e+02,2.5700672961712456e+00
278627,3.7159280485902798e+02,2.5700672961712456e+00
278646,3.7159280485902798e+02,2.5700672961712456e+00
278659,3.7159280485902798e+02,2.5700672961712456e+00
278672,3.7159280485902798e+02,2.5700672961712456e+00
278685,3.7159280485902798e+02,2.5700672961712456e+00
278698,3.7159280485902798e+02,2.5700672961712456e+00
278711,3.7159280485902798e+02,2.5700672961712456e+00
278730,3.7159280485902798e+02,2.5700672961712456e+00
278743,3.7159280485902798e+02,2.5700672961712456e+00
278756,3.7159280485902798e+02,2.5700672961712456e+00
278769,3.7159280485902798e+02,2.5700672961712456e+00
278782,3.7159280485902798e+02,2.5700672961712456e+00
278795,3.7159280485902798e+02,2.5700672961712456e+00
278814,3.7156004804602748e+02,2.5700290103648076e+00
278827,3.7156004804602748e+02,2.5700290103648076e+00
278840,3.7156004804602748e+02,2.5700290103648076e+00
278853,3.7156004804602748e+02,2.5700290103648076e+00
278866,3.7156004804602748e+02,2.5700290103648076e+00
278879,3.7156004804602748e+02,2.5700290103648076e+00
278898,3.7156004804602748e+02,2.5700290103648076e+00
278911,3.7156004804602748e+02,2.5700290103648076e+00
278924,3.7156004804602748e+02,2.5700290103648076e+00
278937,3.7156004804602748e+02,2.5700290103648076e+00
278950,3.7156004804602748e+02,2.5700290103648076e+00
278963,3.7156004804602748e+02,2.5700290103648076e+00
278982,3.7156004804602748e+02,2.5700290103648076e+00
278995,3.7156004804602748e+02,2.5700290103648076e+00
279008,3.7156004804602748e+02,2.5700290103648076e+00
279021,3.7156004804602748e+02,2.5700290103648076e+00
279034,3.7156004804602748e+02,2.5700290103648076e+00
279047,3.7156004804602748e+02,2.5700290103648076e+00
279066,3.7156004804602748e+02,2.5700290103648076e+00
279079,3.7156004804602748e+02,2.5700290103648076e+00
279092,3.7156004804602748e+02,2.5700290103648076e+00
279105,3.7156004804602748e+02,2.5700290103648076e+00
279118,3.7156004804602748e+02,2.5700290103648076e+00
279131,3.7156004804602748e+02,2.5700290103648076e+00
279150,3.7156004804602748e+02,2.5700290103648076e+00
279163,3.7156004804602748e+02,2.5700290103648076e+00
279176,3.7156004804602748e+02,2.5700290103648076e+00
279189,3.7156004804602748e+02,2.5700290103648076e+00
279202,3.7156004804602748e+02,2.5700290103648076e+00
279215,3.7156004804602748e+02,2.5700290103648076e+00
279234,3.7156004804602748e+02,2.5700290103648076e+00
279247,3.7156004804602748e+02,2.5700290103648076e+00
279260,3.7156004804602748e+02,2.5700290103648076e+00
279273,3.7156004804602748e+02,2.5700290103648076e+00
279286,3.7156004804602748e+02,2.5700290103648076e+00
279299,3.7156004804602748e+02,2.5700290103648076e+00
279318,3.7156004804602748e+02,2.5700290103648076e+00
279331,3.7156004804602748e+02,2.5700290103648076e+00
279344,3.7156004804602748e+02,2.5700290103648076e+00
279357,3.7156004804602748e+02,2.5700290103648076e+00
279370,3.7156004804602748e+02,2.5700290103648076e+00
279383,3.7156004804602748e+02,2.5700290103648076e+00
279402,3.7156004804602748e+02,2.5700290103648076e+00
279415,3.7156004804602748e+02,2.5700290103648076e+00
279428,3.7156004804602748e+02,2.5700290103648076e+00
279441,3.7156004804602748e+02,2.5700290103648076e+00
279454,3.7156004804602748e+02,2.5700290103648076e+00
279467,3.7156004804602748e+02,2.5700290103648076e+00
279486,3.7156004804602748e+02,2.5700290103648076e+00
279499,3.7156004804602748e+02,2.5700290103648076e+00
279512,3.7156004804602748e+02,2.5700290103648076e+00
279525,3.7156004804602748e+02,2.5700290103648076e+00
279538,3.7156004804602748e+02,2.5700290103648076e+00
279551,3.7156004804602748e+02,2.5700290103648076e+00
279570,3.7156004804602748e+02,2.5700290103648076e+00
279583,3.7156004804602748e+02,2.5700290103648076e+00
279596,3.7156004804602748e+02,2.5700290103648076e+00
279609,3.7156004804602748e+02,2.5700290103648076e+00
279622,3.7156004804602748e+02,2.5700290103648076e+00
279635,3.7156004804602748e+02,2.5700290103648076e+00
279654,3.7156004804602748e+02,2.5700290103648076e+00
279667,3.7156004804602748e+02,2.5700290103648076e+00
279680,3.7156004804602748e+02,2.5700290103648076e+00
279693,3.7156004804602748e+02,2.5700290103648076e+00
279706,3.7156004804602748e+02,2.5700290103648076e+00
279719,3.7156004804602748e+02,2.5700290103648076e+00
279738,3.7156004804602748e+02,2.5700290103648076e+00
279751,3.7156004804602748e+02,2.5700290103648076e+00
279764,3.7156004804602748e+02,2.5700290103648076e+00
279777,3.7156004804602748e+02,2.5700290103648076e+00
279790,3.7156004804602748e+02,2.5700290103648076e+00
279803,3.7156004804602748e+02,2.5700290103648076e+00
279822,3.7156004804602748e+02,2.5700290103648076e+00
279835,3.7156004804602748e+02,2.5700290103648076e+00
279848,3.7156004804602748e+02,2.5700290103648076e+00
279861,3.7156004804602748e+02,2.5700290103648076e+00
279874,3.7156004804602748e+02,2.5700290103648076e+00
279887,3.7156004804602748e+02,2.5700290103648076e+00
279906,3.7156004804602748e+02,2.5700290103648076e+00
279919,3.7156004804602748e+02,2.5700290103648076e+00
279932,3.7156004804602748e+02,2.5700290103648076e+00
279945,3.7156004804602748e+02,2.5700290103648076e+00
279958,3.7156004804602748e+02,2.5700290103648076e+00
279971,3.7156004804602748e+02,2.5700290103648076e+00
279990,3.7156004804602748e+02,2.5700290103648076e+00
280003,3.7156004804602748e+02,2.5700290103648076e+00
280016,3.7156004804602748e+02,2.5700290103648076e+00
280029,3.7156004804602748e+02,2.5700290103648076e+00
280042,3.7156004804602748e+02,2.5700290103648076e+00
280055,3.7156004804602748e+02,2.5700290103648076e+00
280074,3.7156004804602748e+02,2.5700290103648076e+00
280087,3.7156004804602748e+02,2.5700290103648076e+00
280100,3.7156004804602748e+02,2.5700290103648076e+00
280113,3.7156004804602748e+02,2.5700290103648076e+00
280126,3.7156004804602748e+02,2.5700290103648076e+00
280139,3.7156004804602748e+02,2.5700290103648076e+00
280158,3.7156004804602748e+02,2.5700290103648076e+00
280171,3.7156004804602748e+02,2.5700290103648076e+00
280184,3.7156004804602748e+02,2.5700290103648076e+00
280197,3.7156004804602748e+02,2.5700290103648076e+00
280210,3.7156004804602748e+02,2.5700290103648076e+00
280223,3.7156004804602748e+02,2.5700290103648076e+00
280242,3.7156004804602748e+02,2.5700290103648076e+00
280255,3.7156004804602748e+02,2.5700290103648076e+00
280268,3.7156004804602748e+02,2.5700290103648076e+00
280281,3.7156004804602748e+02,2.5700290103648076e+00
280294,3.7156004804602748e+02,2.5700290103648076e+00
280307,3.7156004804602748e+02,2.5700290103648076e+00
280326,3.7156004804602748e+02,2.5700290103648076e+00
280339,3.7156004804602748e+02,2.5700290103648076e+00
280352,3.7156004804602748e+02,2.5700290103648076e+00
280365,3.7156004804602748e+02,2.5700290103648076e+00
280378,3.7156004804602748e+02,2.5700290103648076e+00
280391,3.7156004804602748e+02,2.5700290103648076e+00
280410,3.7156004804602748e+02,2.5700290103648076e+00
280423,3.7156004804602748e+02,2.5700290103648076e+00
280436,3.7156004804602748e+02,2.5700290103648076e+00
280449,3.7156004804602748e+02,2.5700290103648076e+00
280462,3.7156004804602748e+02,2.5700290103648076e+00
280475,3.7156004804602748e+02,2.5700290103648076e+00
280494,3.7152489179689559e+02,2.5699879163681589e+00
280507,3.7152489179689559e+02,2.5699879163681589e+00
280520,3.7152489179689559e+02,2.5699879163681589e+00
280533,3.7152489179689559e+02,2.5699879163681589e+00
280546,3.7152489179689559e+02,2.5699879163681589e+00
280559,3.7152489179689559e+02,2.5699879163681589e+00
280578,3.7152489179689559e+02,2.5699879163681589e+00
280591,3.7152489179689559e+02,2.5699879163681589e+00
280604,3.7152489179689559e+02,2.5699879163681589e+00
280617,3.7152489179689559e+02,2.5699879163681589e+00
280630,3.7152489179689559e+02,2.5699879163681589e+00
280643,3.7152489179689559e+02,2.5699879163681589e+00
280662,3.7152489179689559e+02,2.5699879163681589e+00
280675,3.7152489179689559e+02,2.5699879163681589e+00
280688,3.7152489179689559e+02,2.5699879163681589e+00
280701,3.7152489179689559e+02,2.5699879163681589e+00
280714,3.7152489179689559e+02,2.5699879163681589e+00
280727,3.7152489179689559e+02,2.5699879163681589e+00
280746,3.7152489179689559e+02,2.5699879163681589e+00
280759,3.7152489179689559e+02,2.5699879163681589e+00
280772,3.7152489179689559e+02,2.5699879163681589e+00
280785,3.7152489179689559e+02,2.5699879163681589e+00
280798,3.7152489179689559e+02,2.5699879163681589e+00
280811,3.7152489179689559e+02,2.5699879163681589e+00
280830,3.7152489179689559e+02,2.5699879163681589e+00
280843,3.7152489179689559e+02,2.5699879163681589e+00
280856,3.7152489179689559e+02,2.5699879163681589e+00
280869,3.7152489179689559e+02,2.5699879163681589e+00
280882,3.7152489179689559e+02,2.5699879163681589e+00
280895,3.7152489179689559e+02,2.5699879163681589e+00
280914,3.7152489179689559e+02,2.5699879163681589e+00
280927,3.7152489179689559e+02,2.5699879163681589e+00
280940,3.7152489179689559e+02,2.5699879163681589e+00
280953,3.7152489179689559e+02,2.5699879163681589e+00
280966,3.7152489179689559e+02,2.5699879163681589e+00
280979,3.7152489179689559e+02,2.5699879163681589e+00
280998,3.7152489179689559e+02,2.5699879163681589e+00
281011,3.7152489179689559e+02,2.5699879163681589e+00
281024,3.7152489179689559e+02,2.5699879163681589e+00
281037,3.7152489179689559e+02,2.5699879163681589e+00
281050,3.7152489179689559e+02,2.5699879163681589e+00
281063,3.7152489179689559e+02,2.5699879163681589e+00
281082,3.7152489179689559e+02,2.5699879163681589e+00
281095,3.7152489179689559e+02,2.5699879163681589e+00
281108,3.7152489179689559e+02,2.5699879163681589e+00
281121,3.7152489179689559e+02,2.5699879163681589e+00
281134,3.7152489179689559e+02,2.5699879163681589e+00
281147,3.7152489179689559e+02,2.5699879163681589e+00
281166,3.7152489179689559e+02,2.5699879163681589e+00
281179,3.7152489179689559e+02,2.5699879163681589e+00
281192,3.7152489179689559e+02,2.5699879163681589e+00
281205,3.7152489179689559e+02,2.5699879163681589e+00
281218,3.7152489179689559e+02,2.5699879163681589e+00
281231,3.7152489179689559e+02,2.5699879163681589e+00
281250,3.7152489179689559e+02,2.5699879163681589e+00
281263,3.7152489179689559e+02,2.5699879163681589e+00
281276,3.7152489179689559e+02,2.5699879163681589e+00
281289,3.7152489179689559e+02,2.5699879163681589e+00
281302,3.7152489179689559e+02,2.5699879163681589e+00
281315,3.7152489179689559e+02,2.5699879163681589e+00
281334,3.7152022418193059e+02,2.5699824601195962e+00
281347,3.7152022418193059e+02,2.5699824601195962e+00
281360,3.7152022418193059e+02,2.5699824601195962e+00
281373,3.7152022418193059e+02,2.5699824601195962e+00
281386,3.7152022418193059e+02,2.5699824601195962e+00
281399,3.7152022418193059e+02,2.5699824601195962e+00
281418,3.7152022418193059e+02,2.5699824601195962e+00
281431,3.7152022418193059e+02,2.5699824601195962e+00
281444,3.7152022418193059e+02,2.5699824601195962e+00
281457,3.7152022418193059e+02,2.5699824601195962e+00
281470,3.7152022418193059e+02,2.5699824601195962e+00
281483,3.7152022418193059e+02,2.5699824601195962e+00
281502,3.7152022418193059e+02,2.5699824601195962e+00
281515,3.7152022418193059e+02,2.5699824601195962e+00
281528,3.7152022418193059e+02,2.5699824601195962e+00
281541,3.7152022418193059e+02,2.5699824601195962e+00
281554,3.7152022418193059e+02,2.5699824601195962e+00
281567,3.7152022418193059e+02,2.5699824601195962e+00
281586,3.7152022418193059e+02,2.5699824601195962e+00
281599,3.7152022418193059e+02,2.5699824601195962e+00
281612,3.7152022418193059e+02,2.5699824601195962e+00
281625,3.7152022418193059e+02,2.5699824601195962e+00
281638,3.7152022418193059e+02,2.5699824601195962e+00
281651,3.7152022418193059e+02,2.5699824601195962e+00
281670,3.7152022418193059e+02,2.5699824601195962e+00
281683,3.7152022418193059e+02,2.5699824601195962e+00
281696,3.7152022418193059e+02,2.5699824601195962e+00
281709,3.7152022418193059e+02,2.5699824601195962e+00
281722,3.7152022418193059e+02,2.5699824601195962e+00
281735,3.7152022418193059e+02,2.5699824601195962e+00
281754,3.7152022418193059e+02,2.5699824601195962e+00
281767,3.7152022418193059e+02,2.5699824601195962e+00
281780,3.7152022418193059e+02,2.5699824601195962e+00
281793,3.7152022418193059e+02,2.5699824601195962e+00
281806,3.7152022418193059e+02,2.5699824601195962e+00
281819,3.7152022418193059e+02,2.5699824601195962e+00
281838,3.7152022418193059e+02,2.5699824601195962e+00
281851,3.7152022418193059e+02,2.5699824601195962e+00
281864,3.7152022418193059e+02,2.5699824601195962e+00
281877,3.7152022418193059e+02,2.5699824601195962e+00
281890,3.7152022418193059e+02,2.5699824601195962e+00
281903,3.7152022418193059e+02,2.5699824601195962e+00
281922,3.7150273080995800e+02,2.5699620104824272e+00
281935,3.7150273080995800e+02,2.5699620104824272e+00
281948,3.7150273080995800e+02,2.5699620104824272e+00
281961,3.7150273080995800e+02,2.5699620104824272e+00
281974,3.7150273080995800e+02,2.5699620104824272e+00
281987,3.7150273080995800e+02,2.5699620104824272e+00
282006,3.7150273080995800e+02,2.5699620104824272e+00
282019,3.7150273080995800e+02,2.5699620104824272e+00
282032,3.7150273080995800e+02,2.5699620104824272e+00
282045,3.7150273080995800e+02,2.5699620104824272e+00
282058,3.7150273080995800e+02,2.5699620104824272e+00
282071,3.7150273080995800e+02,2.5699620104824272e+00
282090,3.7150273080995800e+02,2.5699620104824272e+00
282103,3.7150273080995800e+02,2.5699620104824272e+00
282116,3.7150273080995800e+02,2.5699620104824272e+00
282129,3.7150273080995800e+02,2.5699620104824272e+00
282142,3.7150273080995800e+02,2.5699620104824272e+00
282155,3.7150273080995800e+02,2.5699620104824272e+00
282174,3.7147729056478602e+02,2.5699322692840560e+00
282187,3.7147729056478602e+02,2.5699322692840560e+00
282200,3.7147729056478602e+02,2.5699322692840560e+00
282212,3.7147729056478602e+02,2.5699322692840560e+00
282224,3.7147729056478602e+02,2.5699322692840560e+00
282236,3.7147729056478602e+02,2.5699322692840560e+00
282254,3.7147729056478602e+02,2.5699322692840560e+00
282266,3.7147729056478602e+02,2.5699322692840560e+00
282278,3.7147729056478602e+02,2.5699322692840560e+00
282290,3.7147729056478602e+02,2.5699322692840560e+00
282302,3.7147729056478602e+02,2.5699322692840560e+00
282314,3.7147729056478602e+02,2.5699322692840560e+00
282332,3.7147729056478602e+02,2.5699322692840560e+00
282344,3.7147729056478602e+02,2.5699322692840560e+00
282356,3.7147729056478602e+02,2.5699322692840560e+00
282368,3.7147729056478602e+02,2.5699322692840560e+00
282380,3.7147729056478602e+02,2.5699322692840560e+00
282392,3.7147729056478602e+02,2.5699322692840560e+00
282410,3.7147729056478602e+02,2.5699322692840560e+00
282422,3.7147729056478602e+02,2.5699322692840560e+00
282434,3.7147729056478602e+02,2.5699322692840560e+00
282446,3.7147729056478602e+02,2.5699322692840560e+00
282458,3.7147729056478602e+02,2.5699322692840560e+00
282470,3.7147729056478602e+02,2.5699322692840560e+00
282488,3.7147729056478602e+02,2.5699322692840560e+00
282500,3.7147729056478602e+02,2.5699322692840560e+00
282512,3.7147729056478602e+02,2.5699322692840560e+00
282524,3.7147729056478602e+02,2.5699322692840560e+00
282536,3.7147729056478602e+02,2.5699322692840560e+00
282548,3.7147729056478602e+02,2.5699322692840560e+00
282566,3.7147729056478602e+02,2.5699322692840560e+00
282578,3.7147729056478602e+02,2.5699322692840560e+00
282590,3.7147729056478602e+02,2.5699322692840560e+00
282602,3.7147729056478602e+02,2.5699322692840560e+00
282614,3.7147729056478602e+02,2.5699322692840560e+00
282626,3.7147729056478602e+02,2.5699322692840560e+00
282644,3.7147729056478602e+02,2.5699322692840560e+00
282656,3.7147729056478602e+02,2.5699322692840560e+00
282668,3.7147729056478602e+02,2.5699322692840560e+00
282680,3.7147729056478602e+02,2.5699322692840560e+00
282692,3.7147729056478602e+02,2.5699322692840560e+00
282704,3.7147729056478602e+02,2.5699322692840560e+00
282722,3.7147729056478602e+02,2.5699322692840560e+00
282734,3.7147729056478602e+02,2.5699322692840560e+00
282746,3.7147729056478602e+02,2.5699322692840560e+00
282758,3.7147729056478602e+02,2.5699322692840560e+00
282770,3.7147729056478602e+02,2.5699322692840560e+00
282782,3.7147729056478602e+02,2.5699322692840560e+00
282800,3.7147729056478602e+02,2.5699322692840560e+00
282812,3.7147729056478602e+02,2.5699322692840560e+00
282824,3.7147729056478602e+02,2.5699322692840560e+00
282836,3.7147729056478602e+02,2.5699322692840560e+00
282848,3.7147729056478602e+02,2.5699322692840560e+00
282860,3.7147729056478602e+02,2.5699322692840560e+00
282878,3.7147729056478602e+02,2.5699322692840560e+00
282890,3.7147729056478602e+02,2.5699322692840560e+00
282902,3.7147729056478602e+02,2.5699322692840560e+00
282914,3.7147729056478602e+02,2.5699322692840560e+00
282926,3.7147729056478602e+02,2.5699322692840560e+00
282938,3.7147729056478602e+02,2.5699322692840560e+00
282956,3.7147729056478602e+02,2.5699322692840560e+00
282968,3.7147729056478602e+02,2.5699322692840560e+00
282980,3.7147729056478602e+02,2.5699322692840560e+00
282992,3.7147729056478602e+02,2.5699322692840560e+00
283004,3.7147729056478602e+02,2.5699322692840560e+00
283016,3.7147729056478602e+02,2.5699322692840560e+00
283034,3.7147729056478602e+02,2.5699322692840560e+00
283046,3.7147729056478602e+02,2.5699322692840560e+00
283058,3.7147729056478602e+02,2.5699322692840560e+00
283070,3.7147729056478602e+02,2.5699322692840560e+00
283082,3.7147729056478602e+02,2.5699322692840560e+00
283094,3.7147729056478602e+02,2.5699322692840560e+00
283112,3.7147729056478602e+02,2.5699322692840560e+00
283124,3.7147729056478602e+02,2.5699322692840560e+00
283136,3.7147729056478602e+02,2.5699322692840560e+00
283148,3.7147729056478602e+02,2.5699322692840560e+00
283160,3.7147729056478602e+02,2.5699322692840560e+00
283172,3.7147729056478602e+02,2.5699322692840560e+00
283190,3.7147729056478602e+02,2.5699322692840560e+00
283202,3.7147729056478602e+02,2.5699322692840560e+00
283214,3.7147729056478602e+02,2.5699322692840560e+00
283226,3.7147729056478602e+02,2.5699322692840560e+00
283238,3.7147729056478602e+02,2.5699322692840560e+00
283250,3.7147729056478602e+02,2.5699322692840560e+00
283268,3.7147729056478602e+02,2.5699322692840560e+00
283280,3.7147729056478602e+02,2.5699322692840560e+00
283292,3.7147729056478602e+02,2.5699322692840560e+00
283304,3.7147729056478602e+02,2.5699322692840560e+00
283316,3.7147729056478602e+02,2.5699322692840560e+00
283328,3.7147729056478602e+02,2.5699322692840560e+00
283346,3.7147729056478602e+02,2.5699322692840560e+00
283358,3.7147729056478602e+02,2.5699322692840560e+00
283370,3.7147729056478602e+02,2.5699322692840560e+00
283382,3.7147729056478602e+02,2.5699322692840560e+00
283394,3.7147729056478602e+02,2.5699322692840560e+00
283406,3.7147729056478602e+02,2.5699322692840560e+00
283424,3.7147729056478602e+02,2.5699322692840560e+00
283436,3.7147729056478602e+02,2.5699322692840560e+00
283448,3.7147729056478602e+02,2.5699322692840560e+00
283460,3.7147729056478602e+02,2.5699322692840560e+00
283472,3.7147729056478602e+02,2.5699322692840560e+00
283484,3.7147729056478602e+02,2.5699322692840560e+00
283502,3.7147729056478602e+02,2.5699322692840560e+00
283514,3.7147729056478602e+02,2.5699322692840560e+00
283526,3.7147729056478602e+02,2.5699322692840560e+00
283538,3.7147729056478602e+02,2.5699322692840560e+00
283550,3.7147729056478602e+02,2.5699322692840560e+00
283562,3.7147729056478602e+02,2.5699322692840560e+00
283580,3.7147729056478602e+02,2.5699322692840560e+00
283592,3.7147729056478602e+02,2.5699322692840560e+00
283604,3.7147729056478602e+02,2.5699322692840560e+00
283616,3.7147729056478602e+02,2.5699322692840560e+00
283628,3.7147729056478602e+02,2.5699322692840560e+00
283640,3.7147729056478602e+02,2.5699322692840560e+00
283658,3.7147729056478602e+02,2.5699322692840560e+00
283670,3.7147729056478602e+02,2.5699322692840560e+00
283682,3.7147729056478602e+02,2.5699322692840560e+00
283694,3.7147729056478602e+02,2.5699322692840560e+00
283706,3.7147729056478602e+02,2.5699322692840560e+00
283718,3.7147729056478602e+02,2.5699322692840560e+00
283736,3.7147729056478602e+02,2.5699322692840560e+00
283748,3.7147729056478602e+02,2.5699322692840560e+00
283760,3.7147729056478602e+02,2.5699322692840560e+00
283772,3.7147729056478602e+02,2.5699322692840560e+00
283784,3.7147729056478602e+02,2.5699322692840560e+00
283796,3.7147729056478602e+02,2.5699322692840560e+00
283814,3.7147729056478602e+02,2.5699322692840560e+00
283826,3.7147729056478602e+02,2.5699322692840560e+00
283838,3.7147729056478602e+02,2.5699322692840560e+00
283850,3.7147729056478602e+02,2.5699322692840560e+00
283862,3.7147729056478602e+02,2.5699322692840560e+00
283874,3.7147729056478602e+02,2.5699322692840560e+00
283892,3.7147729056478602e+02,2.5699322692840560e+00
283904,3.7147729056478602e+02,2.5699322692840560e+00
283916,3.7147729056478602e+02,2.5699322692840560e+00
283928,3.7147729056478602e+02,2.5699322692840560e+00
283940,3.7147729056478602e+02,2.5699322692840560e+00
283952,3.7147729056478602e+02,2.5699322692840560e+00
283970,3.7147729056478602e+02,2.5699322692840560e+00
283982,3.7147729056478602e+02,2.5699322692840560e+00
283994,3.7147729056478602e+02,2.5699322692840560e+00
284006,3.7147729056478602e+02,2.5699322692840560e+00
284018,3.7147729056478602e+02,2.5699322692840560e+00
284030,3.7147729056478602e+02,2.5699322692840560e+00
284048,3.7147729056478602e+02,2.5699322692840560e+00
284060,3.7147729056478602e+02,2.5699322692840560e+00
284072,3.7147729056478602e+02,2.5699322692840560e+00
284084,3.7147729056478602e+02,2.5699322692840560e+00
284096,3.7147729056478602e+02,2.5699322692840560e+00
284108,3.7147729056478602e+02,2.5699322692840560e+00
284126,3.7147729056478602e+02,2.5699322692840560e+00
284138,3.7147729056478602e+02,2.5699322692840560e+00
284150,3.7147729056478602e+02,2.5699322692840560e+00
284162,3.7147729056478602e+02,2.5699322692840560e+00
284174,3.7147729056478602e+02,2.5699322692840560e+00
284186,3.7147729056478602e+02,2.5699322692840560e+00
284204,3.7147729056478602e+02,2.5699322692840560e+00
284216,3.7147729056478602e+02,2.5699322692840560e+00
284228,3.7147729056478602e+02,2.5699322692840560e+00
284240,3.7147729056478602e+02,2.5699322692840560e+00
284252,3.7147729056478602e+02,2.5699322692840560e+00
284264,3.7147729056478602e+02,2.5699322692840560e+00
284282,3.7147729056478602e+02,2.5699322692840560e+00
284294,3.7147729056478602e+02,2.5699322692840560e+00
284306,3.7147729056478602e+02,2.5699322692840560e+00
284318,3.7147729056478602e+02,2.5699322692840560e+00
284330,3.7147729056478602e+02,2.5699322692840560e+00
284342,3.7147729056478602e+02,2.5699322692840560e+00
284360,3.7147729056478602e+02,2.5699322692840560e+00
284372,3.7147729056478602e+02,2.5699322692840560e+00
284384,3.7147729056478602e+02,2.5699322692840560e+00
284396,3.7147729056478602e+02,2.5699322692840560e+00
284408,3.7147729056478602e+02,2.5699322692840560e+00
284420,3.7147729056478602e+02,2.5699322692840560e+00
284438,3.7147729056478602e+02,2.5699322692840560e+00
284450,3.7147729056478602e+02,2.5699322692840560e+00
284462,3.7147729056478602e+02,2.5699322692840560e+00
284474,3.7147729056478602e+02,2.5699322692840560e+00
284486,3.7147729056478602e+02,2.5699322692840560e+00
284498,3.7147729056478602e+02,2.5699322692840560e+00
284516,3.7147729056478602e+02,2.5699322692840560e+00
284528,3.7147729056478602e+02,2.5699322692840560e+00
284540,3.7147729056478602e+02,2.5699322692840560e+00
284552,3.7147729056478602e+02,2.5699322692840560e+00
284564,3.7147729056478602e+02,2.5699322692840560e+00
284576,3.7147729056478602e+02,2.5699322692840560e+00
284594,3.7147729056478602e+02,2.5699322692840560e+00
284606,3.7147729056478602e+02,2.5699322692840560e+00
284618,3.7147729056478602e+02,2.5699322692840560e+00
284630,3.7147729056478602e+02,2.5699322692840560e+00
284642,3.7147729056478602e+02,2.5699322692840560e+00
284654,3.7147729056478602e+02,2.5699322692840560e+00
284672,3.7147729056478602e+02,2.5699322692840560e+00
284684,3.7147729056478602e+02,2.5699322692840560e+00
284696,3.7147729056478602e+02,2.5699322692840560e+00
284708,3.7147729056478602e+02,2.5699322692840560e+00
284720,3.7147729056478602e+02,2.5699322692840560e+00
284732,3.7147729056478602e+02,2.5699322692840560e+00
284750,3.7147729056478602e+02,2.5699322692840560e+00
284762,3.7147729056478602e+02,2.5699322692840560e+00
284774,3.7147729056478602e+02,2.5699322692840560e+00
284786,3.7147729056478602e+02,2.5699322692840560e+00
284798,3.7147729056478602e+02,2.5699322692840560e+00
284810,3.7147729056478602e+02,2.5699322692840560e+00
284828,3.7147729056478602e+02,2.5699322692840560e+00
284840,3.7147729056478602e+02,2.5699322692840560e+00
284852,3.7147729056478602e+02,2.5699322692840560e+00
284864,3.7147729056478602e+02,2.5699322692840560e+00
284876,3.7147729056478602e+02,2.5699322692840560e+00
284888,3.7147729056478602e+02,2.5699322692840560e+00
284906,3.7147729056478602e+02,2.5699322692840560e+00
284918,3.7147729056478602e+02,2.5699322692840560e+00
284930,3.7147729056478602e+02,2.5699322692840560e+00
284942,3.7147729056478602e+02,2.5699322692840560e+00
284954,3.7147729056478602e+02,2.5699322692840560e+00
284966,3.7147729056478602e+02,2.5699322692840560e+00
284984,3.7147729056478602e+02,2.5699322692840560e+00
284996,3.7147729056478602e+02,2.5699322692840560e+00
285008,3.7147729056478602e+02,2.5699322692840560e+00
285020,3.7147729056478602e+02,2.5699322692840560e+00
285032,3.7147729056478602e+02,2.5699322692840560e+00
285044,3.7147729056478602e+02,2.5699322692840560e+00
285062,3.7147729056478602e+02,2.5699322692840560e+00
285074,3.7147729056478602e+02,2.5699322692840560e+00
285086,3.7147729056478602e+02,2.5699322692840560e+00
285098,3.7147729056478602e+02,2.5699322692840560e+00
285110,3.7147729056478602e+02,2.5699322692840560e+00
285122,3.7147729056478602e+02,2.5699322692840560e+00
285140,3.7147729056478602e+02,2.5699322692840560e+00
285152,3.7147729056478602e+02,2.5699322692840560e+00
285164,3.7147729056478602e+02,2.5699322692840560e+00
285176,3.7147729056478602e+02,2.5699322692840560e+00
285188,3.7147729056478602e+02,2.5699322692840560e+00
285200,3.7147729056478602e+02,2.5699322692840560e+00
285218,3.7147729056478602e+02,2.5699322692840560e+00
285230,3.7147729056478602e+02,2.5699322692840560e+00
285242,3.7147729056478602e+02,2.5699322692840560e+00
285254,3.7147729056478602e+02,2.5699322692840560e+00
285266,3.7147729056478602e+02,2.5699322692840560e+00
285278,3.7147729056478602e+02,2.5699322692840560e+00
285296,3.7147729056478602e+02,2.5699322692840560e+00
285308,3.7147729056478602e+02,2.5699322692840560e+00
285320,3.7147729056478602e+02,2.5699322692840560e+00
285332,3.7147729056478602e+02,2.5699322692840560e+00
285344,3.7147729056478602e+02,2.5699322692840560e+00
285356,3.7147729056478602e+02,2.5699322692840560e+00
285374,3.7147729056478602e+02,2.5699322692840560e+00
285386,3.7147729056478602e+02,2.5699322692840560e+00
285398,3.7147729056478602e+02,2.5699322692840560e+00
285410,3.7147729056478602e+02,2.5699322692840560e+00
285422,3.7147729056478602e+02,2.5699322692840560e+00
285434,3.7147729056478602e+02,2.5699322692840560e+00
285452,3.7147729056478602e+02,2.5699322692840560e+00
285464,3.7147729056478602e+02,2.5699322692840560e+00
285476,3.7147729056478602e+02,2.5699322692840560e+00
285488,3.7147729056478602e+02,2.5699322692840560e+00
285500,3.7147729056478602e+02,2.5699322692840560e+00
285512,3.7147729056478602e+02,2.5699322692840560e+00
285530,3.7147729056478602e+02,2.5699322692840560e+00
285542,3.7147729056478602e+02,2.5699322692840560e+00
285554,3.7147729056478602e+02,2.5699322692840560e+00
285566,3.7147729056478602e+02,2.5699322692840560e+00
285578,3.7147729056478602e+02,2.5699322692840560e+00
285590,3.7147729056478602e+02,2.5699322692840560e+00
285608,3.7147729056478602e+02,2.5699322692840560e+00
285620,3.7147729056478602e+02,2.5699322692840560e+00
285632,3.7147729056478602e+02,2.5699322692840560e+00
285644,3.7147729056478602e+02,2.5699322692840560e+00
285656,3.7147729056478602e+02,2.5699322692840560e+00
285668,3.7147729056478602e+02,2.5699322692840560e+00
285686,3.7147729056478602e+02,2.5699322692840560e+00
285698,3.7147729056478602e+02,2.5699322692840560e+00
285710,3.7147729056478602e+02,2.5699322692840560e+00
285722,3.7147729056478602e+02,2.5699322692840560e+00
285734,3.7147729056478602e+02,2.5699322692840560e+00
285746,3.7147729056478602e+02,2.5699322692840560e+00
285764,3.7147729056478602e+02,2.5699322692840560e+00
285776,3.7147729056478602e+02,2.5699322692840560e+00
285788,3.7147729056478602e+02,2.5699322692840560e+00
285800,3.7147729056478602e+02,2.5699322692840560e+00
285812,3.7147729056478602e+02,2.5699322692840560e+00
285824,3.7147729056478602e+02,2.5699322692840560e+00
285842,3.7147729056478602e+02,2.5699322692840560e+00
285854,3.7147729056478602e+02,2.5699322692840560e+00
285866,3.7147729056478602e+02,2.5699322692840560e+00
285878,3.7147729056478602e+02,2.5699322692840560e+00
285890,3.7147729056478602e+02,2.5699322692840560e+00
285902,3.7147729056478602e+02,2.5699322692840560e+00
285920,3.7147729056478602e+02,2.5699322692840560e+00
285932,3.7147729056478602e+02,2.5699322692840560e+00
285944,3.7147729056478602e+02,2.5699322692840560e+00
285956,3.7147729056478602e+02,2.5699322692840560e+00
285968,3.7147729056478602e+02,2.5699322692840560e+00
285980,3.7147729056478602e+02,2.5699322692840560e+00
285998,3.7147729056478602e+02,2.5699322692840560e+00
286010,3.7147729056478602e+02,2.5699322692840560e+00
286022,3.7147729056478602e+02,2.5699322692840560e+00
286034,3.7147729056478602e+02,2.5699322692840560e+00
286046,3.7147729056478602e+02,2.5699322692840560e+00
286058,3.7147729056478602e+02,2.5699322692840560e+00
286070,3.7147729056478602e+02,2.5699322692840560e+00
286082,3.7147729056478602e+02,2.5699322692840560e+00
286094,3.7147729056478602e+02,2.5699322692840560e+00
286106,3.7147729056478602e+02,2.5699322692840560e+00
286118,3.7147729056478602e+02,2.5699322692840560e+00
286130,3.7147729056478602e+02,2.5699322692840560e+00
286142,3.7147729056478602e+02,2.5699322692840560e+00
286154,3.7147729056478602e+02,2.5699322692840560e+00
286166,3.7147729056478602e+02,2.5699322692840560e+00
286178,3.7147729056478602e+02,2.5699322692840560e+00
286190,3.7147729056478602e+02,2.5699322692840560e+00
286202,3.7147729056478602e+02,2.5699322692840560e+00
286214,3.7147729056478602e+02,2.5699322692840560e+00
286226,3.7147729056478602e+02,2.5699322692840560e+00
286238,3.7147729056478602e+02,2.5699322692840560e+00
286250,3.7147729056478602e+02,2.5699322692840560e+00
286262,3.7147729056478602e+02,2.5699322692840560e+00
286274,3.7147729056478602e+02,2.5699322692840560e+00
286286,3.7147729056478602e+02,2.5699322692840560e+00
286298,3.7147729056478602e+02,2.5699322692840560e+00
286310,3.7147729056478602e+02,2.5699322692840560e+00
286322,3.7147729056478602e+02,2.5699322692840560e+00
286334,3.7147729056478602e+02,2.5699322692840560e+00
286346,3.7147729056478602e+02,2.5699322692840560e+00
286358,3.7147729056478602e+02,2.5699322692840560e+00
286370,3.7147729056478602e+02,2.5699322692840560e+00
286382,3.7147729056478602e+02,2.5699322692840560e+00
286394,3.7147729056478602e+02,2.5699322692840560e+00
286406,3.7147729056478602e+02,2.5699322692840560e+00
286418,3.7147729056478602e+02,2.5699322692840560e+00
286430,3.7147729056478602e+02,2.5699322692840560e+00
286442,3.7147729056478602e+02,2.5699322692840560e+00
286454,3.7147729056478602e+02,2.5699322692840560e+00
286466,3.7147729056478602e+02,2.5699322692840560e+00
286478,3.7147729056478602e+02,2.5699322692840560e+00
286490,3.7147729056478602e+02,2.5699322692840560e+00
286502,3.7147729056478602e+02,2.5699322692840560e+00
286514,3.7147729056478602e+02,2.5699322692840560e+00
286526,3.7147729056478602e+02,2.5699322692840560e+00
286538,3.7147729056478602e+02,2.5699322692840560e+00
286550,3.7147729056478602e+02,2.5699322692840560e+00
286562,3.7147729056478602e+02,2.5699322692840560e+00
286574,3.7147729056478602e+02,2.5699322692840560e+00
286586,3.7147729056478602e+02,2.5699322692840560e+00
286598,3.7147729056478602e+02,2.5699322692840560e+00
286610,3.7147729056478602e+02,2.5699322692840560e+00
286622,3.7147729056478602e+02,2.5699322692840560e+00
286634,3.7147729056478602e+02,2.5699322692840560e+00
286646,3.7147729056478602e+02,2.5699322692840560e+00
286658,3.7147729056478602e+02,2.5699322692840560e+00
286670,3.7147729056478602e+02,2.5699322692840560e+00
286682,3.7147729056478602e+02,2.5699322692840560e+00
286694,3.7147729056478602e+02,2.5699322692840560e+00
286706,3.7147729056478602e+02,2.5699322692840560e+00
286718,3.7147729056478602e+02,2.5699322692840560e+00
286730,3.7147729056478602e+02,2.5699322692840560e+00
286742,3.7147729056478602e+02,2.5699322692840560e+00
286754,3.7147729056478602e+02,2.5699322692840560e+00
286766,3.7147729056478602e+02,2.5699322692840560e+00
286778,3.7147729056478602e+02,2.5699322692840560e+00
286790,3.7147729056478602e+02,2.5699322692840560e+00
286802,3.7147729056478602e+02,2.5699322692840560e+00
286814,3.7147729056478602e+02,2.5699322692840560e+00
286826,3.7147729056478602e+02,2.5699322692840560e+00
286838,3.7147729056478602e+02,2.5699322692840560e+00
286850,3.7147729056478602e+02,2.5699322692840560e+00
286862,3.7147729056478602e+02,2.5699322692840560e+00
286874,3.7147729056478602e+02,2.5699322692840560e+00
286886,3.7147729056478602e+02,2.5699322692840560e+00
286898,3.7147729056478602e+02,2.5699322692840560e+00
286910,3.7147729056478602e+02,2.5699322692840560e+00
286922,3.7147729056478602e+02,2.5699322692840560e+00
286934,3.7147729056478602e+02,2.5699322692840560e+00
286946,3.7147729056478602e+02,2.5699322692840560e+00
286958,3.7147729056478602e+02,2.5699322692840560e+00
286970,3.7147729056478602e+02,2.5699322692840560e+00
286982,3.7147729056478602e+02,2.5699322692840560e+00
286994,3.7147729056478602e+02,2.5699322692840560e+00
287006,3.7147729056478602e+02,2.5699322692840560e+00
287018,3.7147729056478602e+02,2.5699322692840560e+00
287030,3.7147729056478602e+02,2.5699322692840560e+00
287042,3.7147729056478602e+02,2.5699322692840560e+00
287054,3.7147729056478602e+02,2.5699322692840560e+00
287066,3.7147729056478602e+02,2.5699322692840560e+00
287078,3.7147729056478602e+02,2.5699322692840560e+00
287090,3.7147729056478602e+02,2.5699322692840560e+00
287102,3.7147729056478602e+02,2.5699322692840560e+00
287114,3.7147729056478602e+02,2.5699322692840560e+00
287126,3.7147729056478602e+02,2.5699322692840560e+00
287138,3.7147729056478602e+02,2.5699322692840560e+00
287150,3.7147729056478602e+02,2.5699322692840560e+00
287162,3.7147729056478602e+02,2.5699322692840560e+00
287174,3.7147729056478602e+02,2.5699322692840560e+00
287186,3.7147729056478602e+02,2.5699322692840560e+00
287198,3.7147729056478602e+02,2.5699322692840560e+00
287210,3.7147729056478602e+02,2.5699322692840560e+00
287222,3.7147729056478602e+02,2.5699322692840560e+00
287234,3.7147729056478602e+02,2.5699322692840560e+00
287246,3.7147729056478602e+02,2.5699322692840560e+00
287258,3.7147729056478602e+02,2.5699322692840560e+00
287270,3.7147729056478602e+02,2.5699322692840560e+00
287282,3.7147729056478602e+02,2.5699322692840560e+00
287294,3.7147729056478602e+02,2.5699322692840560e+00
287306,3.7147729056478602e+02,2.5699322692840560e+00
287318,3.7147729056478602e+02,2.5699322692840560e+00
287330,3.7147729056478602e+02,2.5699322692840560e+00
287342,3.7147729056478602e+02,2.5699322692840560e+00
287354,3.7147729056478602e+02,2.5699322692840560e+00
287366,3.7147729056478602e+02,2.5699322692840560e+00
287378,3.7147729056478602e+02,2.5699322692840560e+00
287390,3.7147729056478602e+02,2.5699322692840560e+00
287402,3.7147729056478602e+02,2.5699322692840560e+00
287414,3.7147729056478602e+02,2.5699322692840560e+00
287426,3.7147729056478602e+02,2.5699322692840560e+00
287438,3.7147729056478602e+02,2.5699322692840560e+00
287450,3.7147729056478602e+02,2.5699322692840560e+00
287462,3.7147729056478602e+02,2.5699322692840560e+00
287474,3.7147729056478602e+02,2.5699322692840560e+00
287486,3.7147729056478602e+02,2.5699322692840560e+00
287498,3.7147729056478602e+02,2.5699322692840560e+00
287510,3.7147729056478602e+02,2.5699322692840560e+00
287522,3.7147729056478602e+02,2.5699322692840560e+00
287534,3.7147729056478602e+02,2.5699322692840560e+00
287546,3.7147729056478602e+02,2.5699322692840560e+00
287558,3.7147729056478602e+02,2.5699322692840560e+00
287570,3.7147729056478602e+02,2.5699322692840560e+00
287582,3.7147729056478602e+02,2.5699322692840560e+00
287594,3.7147729056478602e+02,2.5699322692840560e+00
287606,3.7147729056478602e+02,2.5699322692840560e+00
287618,3.7147729056478602e+02,2.5699322692840560e+00
287630,3.7147729056478602e+02,2.5699322692840560e+00
287642,3.7147729056478602e+02,2.5699322692840560e+00
287654,3.7147729056478602e+02,2.5699322692840560e+00
287666,3.7147729056478602e+02,2.5699322692840560e+00
287678,3.7147729056478602e+02,2.5699322692840560e+00
287690,3.7147729056478602e+02,2.5699322692840560e+00
287702,3.7147729056478602e+02,2.5699322692840560e+00
287714,3.7147729056478602e+02,2.5699322692840560e+00
287726,3.7147729056478602e+02,2.5699322692840560e+00
287738,3.7147729056478602e+02,2.5699322692840560e+00
287750,3.7147729056478602e+02,2.5699322692840560e+00
287762,3.7147729056478602e+02,2.5699322692840560e+00
287774,3.7147729056478602e+02,2.5699322692840560e+00
287786,3.7147729056478602e+02,2.5699322692840560e+00
287798,3.7147729056478602e+02,2.5699322692840560e+00
287810,3.7147729056478602e+02,2.5699322692840560e+00
287822,3.7147729056478602e+02,2.5699322692840560e+00
287834,3.7147729056478602e+02,2.5699322692840560e+00
287846,3.7147729056478602e+02,2.5699322692840560e+00
287858,3.7147729056478602e+02,2.5699322692840560e+00
287870,3.7147729056478602e+02,2.5699322692840560e+00
287882,3.7147729056478602e+02,2.5699322692840560e+00
287894,3.7147729056478602e+02,2.5699322692840560e+00
287906,3.7147729056478602e+02,2.5699322692840560e+00
287918,3.7147729056478602e+02,2.5699322692840560e+00
287930,3.7147729056478602e+02,2.5699322692840560e+00
287942,3.7147729056478602e+02,2.5699322692840560e+00
287954,3.7147729056478602e+02,2.5699322692840560e+00
287966,3.7147729056478602e+02,2.5699322692840560e+00
287978,3.7147729056478602e+02,2.5699322692840560e+00
287990,3.7147729056478602e+02,2.5699322692840560e+00
288002,3.7147729056478602e+02,2.5699322692840560e+00
288014,3.7147729056478602e+02,2.5699322692840560e+00
288026,3.7147729056478602e+02,2.5699322692840560e+00
288038,3.7147729056478602e+02,2.5699322692840560e+00
288050,3.7147729056478602e+02,2.5699322692840560e+00
288062,3.7147729056478602e+02,2.5699322692840560e+00
288074,3.7147729056478602e+02,2.5699322692840560e+00
288086,3.7147729056478602e+02,2.5699322692840560e+00
288098,3.7147729056478602e+02,2.5699322692840560e+00
288110,3.7147729056478602e+02,2.5699322692840560e+00
288122,3.7147729056478602e+02,2.5699322692840560e+00
288134,3.7147729056478602e+02,2.5699322692840560e+00
288146,3.7147729056478602e+02,2.5699322692840560e+00
288158,3.7147729056478602e+02,2.5699322692840560e+00
288170,3.7147729056478602e+02,2.5699322692840560e+00
288182,3.7147729056478602e+02,2.5699322692840560e+00
288194,3.7147729056478602e+02,2.5699322692840560e+00
288206,3.7147729056478602e+02,2.5699322692840560e+00
288218,3.7147729056478602e+02,2.5699322692840560e+00
288230,3.7147729056478602e+02,2.5699322692840560e+00
288242,3.7147729056478602e+02,2.5699322692840560e+00
288254,3.7147729056478602e+02,2.5699322692840560e+00
288266,3.7147729056478602e+02,2.5699322692840560e+00
288278,3.7147729056478602e+02,2.5699322692840560e+00
288290,3.7147729056478602e+02,2.5699322692840560e+00
288302,3.7147729056478602e+02,2.5699322692840560e+00
288314,3.7147729056478602e+02,2.5699322692840560e+00
288326,3.7147729056478602e+02,2.5699322692840560e+00
288338,3.7147729056478602e+02,2.5699322692840560e+00
288350,3.7147729056478602e+02,2.5699322692840560e+00
288362,3.7147729056478602e+02,2.5699322692840560e+00
288374,3.7147729056478602e+02,2.5699322692840560e+00
288386,3.7147729056478602e+02,2.5699322692840560e+00
288398,3.7147729056478602e+02,2.5699322692840560e+00
288410,3.7147729056478602e+02,2.5699322692840560e+00
288422,3.7147729056478602e+02,2.5699322692840560e+00
288434,3.7147729056478602e+02,2.5699322692840560e+00
288446,3.7147729056478602e+02,2.5699322692840560e+00
288458,3.7147729056478602e+02,2.5699322692840560e+00
288470,3.7147729056478602e+02,2.5699322692840560e+00
288482,3.7147729056478602e+02,2.5699322692840560e+00
288494,3.7147729056478602e+02,2.5699322692840560e+00
288506,3.7147729056478602e+02,2.5699322692840560e+00
288518,3.7147729056478602e+02,2.5699322692840560e+00
288530,3.7147729056478602e+02,2.5699322692840560e+00
288542,3.7147729056478602e+02,2.5699322692840560e+00
288554,3.7147729056478602e+02,2.5699322692840560e+00
288566,3.7147729056478602e+02,2.5699322692840560e+00
288578,3.7147729056478602e+02,2.5699322692840560e+00
288590,3.7147729056478602e+02,2.5699322692840560e+00
288602,3.7147729056478602e+02,2.5699322692840560e+00
288614,3.7147729056478602e+02,2.5699322692840560e+00
288626,3.7147729056478602e+02,2.5699322692840560e+00
288638,3.7147729056478602e+02,2.5699322692840560e+00
288650,3.7147729056478602e+02,2.5699322692840560e+00
288662,3.7147729056478602e+02,2.5699322692840560e+00
288674,3.7147729056478602e+02,2.5699322692840560e+00
288686,3.7147729056478602e+02,2.5699322692840560e+00
288698,3.7147729056478602e+02,2.5699322692840560e+00
288710,3.7147729056478602e+02,2.5699322692840560e+00
288722,3.7147729056478602e+02,2.5699322692840560e+00
288734,3.7147729056478602e+02,2.5699322692840560e+00
288746,3.7147729056478602e+02,2.5699322692840560e+00
288758,3.7147729056478602e+02,2.5699322692840560e+00
288770,3.7147729056478602e+02,2.5699322692840560e+00
288782,3.7147729056478602e+02,2.5699322692840560e+00
288794,3.7147729056478602e+02,2.5699322692840560e+00
288806,3.7147729056478602e+02,2.5699322692840560e+00
288818,3.7147729056478602e+02,2.5699322692840560e+00
288830,3.7147729056478602e+02,2.5699322692840560e+00
288842,3.7147729056478602e+02,2.5699322692840560e+00
288854,3.7147729056478602e+02,2.5699322692840560e+00
288866,3.7147729056478602e+02,2.5699322692840560e+00
288878,3.7147729056478602e+02,2.5699322692840560e+00
288890,3.7147729056478602e+02,2.5699322692840560e+00
288902,3.7147729056478602e+02,2.5699322692840560e+00
288914,3.7147729056478602e+02,2.5699322692840560e+00
288926,3.7147729056478602e+02,2.5699322692840560e+00
288938,3.7147729056478602e+02,2.5699322692840560e+00
288950,3.7147729056478602e+02,2.5699322692840560e+00
288962,3.7147729056478602e+02,2.5699322692840560e+00
288974,3.7147729056478602e+02,2.5699322692840560e+00
288986,3.7147729056478602e+02,2.5699322692840560e+00
288998,3.7147729056478602e+02,2.5699322692840560e+00
289010,3.7147729056478602e+02,2.5699322692840560e+00
289022,3.7147729056478602e+02,2.5699322692840560e+00
289034,3.7147729056478602e+02,2.5699322692840560e+00
289046,3.7147729056478602e+02,2.5699322692840560e+00
289058,3.7147729056478602e+02,2.5699322692840560e+00
289070,3.7147729056478602e+02,2.5699322692840560e+00
289082,3.7147729056478602e+02,2.5699322692840560e+00
289094,3.7147729056478602e+02,2.5699322692840560e+00
289106,3.7147729056478602e+02,2.5699322692840560e+00
289118,3.7147729056478602e+02,2.5699322692840560e+00
289130,3.7147729056478602e+02,2.5699322692840560e+00
289142,3.7147729056478602e+02,2.5699322692840560e+00
289154,3.7147729056478602e+02,2.5699322692840560e+00
289166,3.7147729056478602e+02,2.5699322692840560e+00
289178,3.7147729056478602e+02,2.5699322692840560e+00
289190,3.7147729056478602e+02,2.5699322692840560e+00
289202,3.7147729056478602e+02,2.5699322692840560e+00
289214,3.7147729056478602e+02,2.5699322692840560e+00
289226,3.7147729056478602e+02,2.5699322692840560e+00
289238,3.7147729056478602e+02,2.5699322692840560e+00
289250,3.7147729056478602e+02,2.5699322692840560e+00
289262,3.7147729056478602e+02,2.5699322692840560e+00
289274,3.7147729056478602e+02,2.5699322692840560e+00
289286,3.7147729056478602e+02,2.5699322692840560e+00
289298,3.7147729056478602e+02,2.5699322692840560e+00
289310,3.7147729056478602e+02,2.5699322692840560e+00
289322,3.7147729056478602e+02,2.5699322692840560e+00
289334,3.7147729056478602e+02,2.5699322692840560e+00
289346,3.7147729056478602e+02,2.5699322692840560e+00
289358,3.7147729056478602e+02,2.5699322692840560e+00
289370,3.7147729056478602e+02,2.5699322692840560e+00
289382,3.7147729056478602e+02,2.5699322692840560e+00
289394,3.7147729056478602e+02,2.5699322692840560e+00
289406,3.7147729056478602e+02,2.5699322692840560e+00
289418,3.7147729056478602e+02,2.5699322692840560e+00
289430,3.7147729056478602e+02,2.5699322692840560e+00
289442,3.7147729056478602e+02,2.5699322692840560e+00
289454,3.7147729056478602e+02,2.5699322692840560e+00
289466,3.7147729056478602e+02,2.5699322692840560e+00
289478,3.7147729056478602e+02,2.5699322692840560e+00
289490,3.7147729056478602e+02,2.5699322692840560e+00
289502,3.7147729056478602e+02,2.5699322692840560e+00
289514,3.7147729056478602e+02,2.5699322692840560e+00
289526,3.7147729056478602e+02,2.5699322692840560e+00
289538,3.7147729056478602e+02,2.5699322692840560e+00
289550,3.7147729056478602e+02,2.5699322692840560e+00
289562,3.7147729056478602e+02,2.5699322692840560e+00
289574,3.7147729056478602e+02,2.5699322692840560e+00
289586,3.7147729056478602e+02,2.5699322692840560e+00
289598,3.7147729056478602e+02,2.5699322692840560e+00
289610,3.7147729056478602e+02,2.5699322692840560e+00
289622,3.7147729056478602e+02,2.5699322692840560e+00
289634,3.7147729056478602e+02,2.5699322692840560e+00
289646,3.7147729056478602e+02,2.5699322692840560e+00
289658,3.7147729056478602e+02,2.5699322692840560e+00
289670,3.7147729056478602e+02,2.5699322692840560e+00
289682,3.7147729056478602e+02,2.5699322692840560e+00
289694,3.7147729056478602e+02,2.5699322692840560e+00
289706,3.7147729056478602e+02,2.5699322692840560e+00
289718,3.7147729056478602e+02,2.5699322692840560e+00
289730,3.7147729056478602e+02,2.5699322692840560e+00
289742,3.7147729056478602e+02,2.5699322692840560e+00
289754,3.7147729056478602e+02,2.5699322692840560e+00
289766,3.7147729056478602e+02,2.5699322692840560e+00
289778,3.7147729056478602e+02,2.5699322692840560e+00
289790,3.7147729056478602e+02,2.5699322692840560e+00
289802,3.7147729056478602e+02,2.5699322692840560e+00
289814,3.7147729056478602e+02,2.5699322692840560e+00
289826,3.7147729056478602e+02,2.5699322692840560e+00
289838,3.7147729056478602e+02,2.5699322692840560e+00
289850,3.7147729056478602e+02,2.5699322692840560e+00
289862,3.7147729056478602e+02,2.5699322692840560e+00
289874,3.7147729056478602e+02,2.5699322692840560e+00
289886,3.7147729056478602e+02,2.5699322692840560e+00
289898,3.7147729056478602e+02,2.5699322692840560e+00
289910,3.7147729056478602e+02,2.5699322692840560e+00
289922,3.7147729056478602e+02,2.5699322692840560e+00
289934,3.7147729056478602e+02,2.5699322692840560e+00
289946,3.7147729056478602e+02,2.5699322692840560e+00
289958,3.7147729056478602e+02,2.5699322692840560e+00
289970,3.7147729056478602e+02,2.5699322692840560e+00
289982,3.7147729056478602e+02,2.5699322692840560e+00
289994,3.7147729056478602e+02,2.5699322692840560e+00
290006,3.7147729056478602e+02,2.5699322692840560e+00
290018,3.7147729056478602e+02,2.5699322692840560e+00
290030,3.7147729056478602e+02,2.5699322692840560e+00
290042,3.7147729056478602e+02,2.5699322692840560e+00
290054,3.7147729056478602e+02,2.5699322692840560e+00
290066,3.7147729056478602e+02,2.5699322692840560e+00
290078,3.7147729056478602e+02,2.5699322692840560e+00
290090,3.7147729056478602e+02,2.5699322692840560e+00
290102,3.7147729056478602e+02,2.5699322692840560e+00
290114,3.7147729056478602e+02,2.5699322692840560e+00
290126,3.7147729056478602e+02,2.5699322692840560e+00
290138,3.7147729056478602e+02,2.5699322692840560e+00
290150,3.7147729056478602e+02,2.5699322692840560e+00
290162,3.7147729056478602e+02,2.5699322692840560e+00
290174,3.7147729056478602e+02,2.5699322692840560e+00
290186,3.7147729056478602e+02,2.5699322692840560e+00
290198,3.7147729056478602e+02,2.5699322692840560e+00
290210,3.7147729056478602e+02,2.5699322692840560e+00
290222,3.7147729056478602e+02,2.5699322692840560e+00
290234,3.7147729056478602e+02,2.5699322692840560e+00
290246,3.7147729056478602e+02,2.5699322692840560e+00
290258,3.7147729056478602e+02,2.5699322692840560e+00
290270,3.7147729056478602e+02,2.5699322692840560e+00
290282,3.7147729056478602e+02,2.5699322692840560e+00
290294,3.7147729056478602e+02,2.5699322692840560e+00
290306,3.7147729056478602e+02,2.5699322692840560e+00
290318,3.7147729056478602e+02,2.5699322692840560e+00
290330,3.7147729056478602e+02,2.5699322692840560e+00
290342,3.7147729056478602e+02,2.5699322692840560e+00
290354,3.7147729056478602e+02,2.5699322692840560e+00
290366,3.7147729056478602e+02,2.5699322692840560e+00
290378,3.7147729056478602e+02,2.5699322692840560e+00
290390,3.7147729056478602e+02,2.5699322692840560e+00
290402,3.7147729056478602e+02,2.5699322692840560e+00
290414,3.7147729056478602e+02,2.5699322692840560e+00
290426,3.7147729056478602e+02,2.5699322692840560e+00
290438,3.7147729056478602e+02,2.5699322692840560e+00
290450,3.7147729056478602e+02,2.5699322692840560e+00
290462,3.7147729056478602e+02,2.5699322692840560e+00
290474,3.7147729056478602e+02,2.5699322692840560e+00
290486,3.7147729056478602e+02,2.5699322692840560e+00
290498,3.7147729056478602e+02,2.5699322692840560e+00
290510,3.7147729056478602e+02,2.5699322692840560e+00
290522,3.7147729056478602e+02,2.5699322692840560e+00
290534,3.7147729056478602e+02,2.5699322692840560e+00
290546,3.7147729056478602e+02,2.5699322692840560e+00
290558,3.7147729056478602e+02,2.5699322692840560e+00
290570,3.7147729056478602e+02,2.5699322692840560e+00
290582,3.7147729056478602e+02,2.5699322692840560e+00
290594,3.7147729056478602e+02,2.5699322692840560e+00
290606,3.7147729056478602e+02,2.5699322692840560e+00
290618,3.7147729056478602e+02,2.5699322692840560e+00
290630,3.7147729056478602e+02,2.5699322692840560e+00
290642,3.7147729056478602e+02,2.5699322692840560e+00
290654,3.7147729056478602e+02,2.5699322692840560e+00
290666,3.7147729056478602e+02,2.5699322692840560e+00
290678,3.7147729056478602e+02,2.5699322692840560e+00
290690,3.7147729056478602e+02,2.5699322692840560e+00
290702,3.7147729056478602e+02,2.5699322692840560e+00
290714,3.7147729056478602e+02,2.5699322692840560e+00
290726,3.7147729056478602e+02,2.5699322692840560e+00
290738,3.7147729056478602e+02,2.5699322692840560e+00
290750,3.7147729056478602e+02,2.5699322692840560e+00
290762,3.7147729056478602e+02,2.5699322692840560e+00
290774,3.7147729056478602e+02,2.5699322692840560e+00
290786,3.7147729056478602e+02,2.5699322692840560e+00
290798,3.7147729056478602e+02,2.5699322692840560e+00
290810,3.7147729056478602e+02,2.5699322692840560e+00
290822,3.7147729056478602e+02,2.5699322692840560e+00
290834,3.7147729056478602e+02,2.5699322692840560e+00
290846,3.7147729056478602e+02,2.5699322692840560e+00
290858,3.7147729056478602e+02,2.5699322692840560e+00
290870,3.7147729056478602e+02,2.5699322692840560e+00
290882,3.7147729056478602e+02,2.5699322692840560e+00
290894,3.7147729056478602e+02,2.5699322692840560e+00
290906,3.7147729056478602e+02,2.5699322692840560e+00
290918,3.7147729056478602e+02,2.5699322692840560e+00
290930,3.7147729056478602e+02,2.5699322692840560e+00
290942,3.7147729056478602e+02,2.5699322692840560e+00
290954,3.7147729056478602e+02,2.5699322692840560e+00
290966,3.7147729056478602e+02,2.5699322692840560e+00
290978,3.7147729056478602e+02,2.5699322692840560e+00
290990,3.7147729056478602e+02,2.5699322692840560e+00
291002,3.7147729056478602e+02,2.5699322692840560e+00
291014,3.7147729056478602e+02,2.5699322692840560e+00
291026,3.7147729056478602e+02,2.5699322692840560e+00
291038,3.7147729056478602e+02,2.5699322692840560e+00
291050,3.7147729056478602e+02,2.5699322692840560e+00
291062,3.7147729056478602e+02,2.5699322692840560e+00
291074,3.7147729056478602e+02,2.5699322692840560e+00
291086,3.7147729056478602e+02,2.5699322692840560e+00
291098,3.7147729056478602e+02,2.5699322692840560e+00
291110,3.7147729056478602e+02,2.5699322692840560e+00
291122,3.7147729056478602e+02,2.5699322692840560e+00
291134,3.7147729056478602e+02,2.5699322692840560e+00
291146,3.7147729056478602e+02,2.5699322692840560e+00
291158,3.7147729056478602e+02,2.5699322692840560e+00
291170,3.7147729056478602e+02,2.5699322692840560e+00
291182,3.7147729056478602e+02,2.5699322692840560e+00
291194,3.7147729056478602e+02,2.5699322692840560e+00
291206,3.7147729056478602e+02,2.5699322692840560e+00
291218,3.7147729056478602e+02,2.5699322692840560e+00
291230,3.7147729056478602e+02,2.5699322692840560e+00
291242,3.7147729056478602e+02,2.5699322692840560e+00
291254,3.7147729056478602e+02,2.5699322692840560e+00
291266,3.7147729056478602e+02,2.5699322692840560e+00
291278,3.7147729056478602e+02,2.5699322692840560e+00
291290,3.7147729056478602e+02,2.5699322692840560e+00
291302,3.7147729056478602e+02,2.5699322692840560e+00
291314,3.7147729056478602e+02,2.5699322692840560e+00
291326,3.7147729056478602e+02,2.5699322692840560e+00
291338,3.7147729056478602e+02,2.5699322692840560e+00
291350,3.7147729056478602e+02,2.5699322692840560e+00
291362,3.7147729056478602e+02,2.5699322692840560e+00
291374,3.7147729056478602e+02,2.5699322692840560e+00
291386,3.7147729056478602e+02,2.5699322692840560e+00
291398,3.7147729056478602e+02,2.5699322692840560e+00
291410,3.7147729056478602e+02,2.5699322692840560e+00
291422,3.7147729056478602e+02,2.5699322692840560e+00
291434,3.7147729056478602e+02,2.5699322692840560e+00
291446,3.7147729056478602e+02,2.5699322692840560e+00
291458,3.7147729056478602e+02,2.5699322692840560e+00
291470,3.7147729056478602e+02,2.5699322692840560e+00
291482,3.7147729056478602e+02,2.5699322692840560e+00
291494,3.7147729056478602e+02,2.5699322692840560e+00
291506,3.7147729056478602e+02,2.5699322692840560e+00
291518,3.7147729056478602e+02,2.5699322692840560e+00
291530,3.7147729056478602e+02,2.5699322692840560e+00
291542,3.7147729056478602e+02,2.5699322692840560e+00
291554,3.7147729056478602e+02,2.5699322692840560e+00
291566,3.7147729056478602e+02,2.5699322692840560e+00
291578,3.7147729056478602e+02,2.5699322692840560e+00
291590,3.7147729056478602e+02,2.5699322692840560e+00
291602,3.7147729056478602e+02,2.5699322692840560e+00
291614,3.7147729056478602e+02,2.5699322692840560e+00
291626,3.7147729056478602e+02,2.5699322692840560e+00
291638,3.7147729056478602e+02,2.5699322692840560e+00
291650,3.7147729056478602e+02,2.5699322692840560e+00
291662,3.7147729056478602e+02,2.5699322692840560e+00
291674,3.7147729056478602e+02,2.5699322692840560e+00
291686,3.7147729056478602e+02,2.5699322692840560e+00
291698,3.7147729056478602e+02,2.5699322692840560e+00
291710,3.7147729056478602e+02,2.5699322692840560e+00
291722,3.7147729056478602e+02,2.5699322692840560e+00
291734,3.7147729056478602e+02,2.5699322692840560e+00
291746,3.7147729056478602e+02,2.5699322692840560e+00
291758,3.7147729056478602e+02,2.5699322692840560e+00
291770,3.7147729056478602e+02,2.5699322692840560e+00
291782,3.7147729056478602e+02,2.5699322692840560e+00
291794,3.7147729056478602e+02,2.5699322692840560e+00
291806,3.7147729056478602e+02,2.5699322692840560e+00
291818,3.7147729056478602e+02,2.5699322692840560e+00
291830,3.7147729056478602e+02,2.5699322692840560e+00
291842,3.7147729056478602e+02,2.5699322692840560e+00
291854,3.7147729056478602e+02,2.5699322692840560e+00
291866,3.7147729056478602e+02,2.5699322692840560e+00
291878,3.7147729056478602e+02,2.5699322692840560e+00
291890,3.7147729056478602e+02,2.5699322692840560e+00
291902,3.7147729056478602e+02,2.5699322692840560e+00
291914,3.7147729056478602e+02,2.5699322692840560e+00
291926,3.7147729056478602e+02,2.5699322692840560e+00
291938,3.7147729056478602e+02,2.5699322692840560e+00
291950,3.7147729056478602e+02,2.5699322692840560e+00
291962,3.7147729056478602e+02,2.5699322692840560e+00
291974,3.7147729056478602e+02,2.5699322692840560e+00
291986,3.7147729056478602e+02,2.5699322692840560e+00
291998,3.7147729056478602e+02,2.5699322692840560e+00
292010,3.7147729056478602e+02,2.5699322692840560e+00
292022,3.7147729056478602e+02,2.5699322692840560e+00
292034,3.7147729056478602e+02,2.5699322692840560e+00
292046,3.7147729056478602e+02,2.5699322692840560e+00
292058,3.7147729056478602e+02,2.5699322692840560e+00
292070,3.7147729056478602e+02,2.5699322692840560e+00
292082,3.7147729056478602e+02,2.5699322692840560e+00
292094,3.7147729056478602e+02,2.5699322692840560e+00
292106,3.7147729056478602e+02,2.5699322692840560e+00
292118,3.7147729056478602e+02,2.5699322692840560e+00
292130,3.7147729056478602e+02,2.5699322692840560e+00
292142,3.7147729056478602e+02,2.5699322692840560e+00
292154,3.7147729056478602e+02,2.5699322692840560e+00
292166,3.7147729056478602e+02,2.5699322692840560e+00
292178,3.7147729056478602e+02,2.5699322692840560e+00
292190,3.7147729056478602e+02,2.5699322692840560e+00
292202,3.7147729056478602e+02,2.5699322692840560e+00
292214,3.7147729056478602e+02,2.5699322692840560e+00
292226,3.7147729056478602e+02,2.5699322692840560e+00
292238,3.7147729056478602e+02,2.5699322692840560e+00
292250,3.7147729056478602e+02,2.5699322692840560e+00
292262,3.7147729056478602e+02,2.5699322692840560e+00
292274,3.7147729056478602e+02,2.5699322692840560e+00
292286,3.7147729056478602e+02,2.5699322692840560e+00
292298,3.7147729056478602e+02,2.5699322692840560e+00
292310,3.7147729056478602e+02,2.5699322692840560e+00
292322,3.7147729056478602e+02,2.5699322692840560e+00
292334,3.7147729056478602e+02,2.5699322692840560e+00
292346,3.7147729056478602e+02,2.5699322692840560e+00
292358,3.7147729056478602e+02,2.5699322692840560e+00
292370,3.7147729056478602e+02,2.5699322692840560e+00
292382,3.7147729056478602e+02,2.5699322692840560e+00
292394,3.7147729056478602e+02,2.5699322692840560e+00
292406,3.7147729056478602e+02,2.5699322692840560e+00
292418,3.7147729056478602e+02,2.5699322692840560e+00
292430,3.7147729056478602e+02,2.5699322692840560e+00
292442,3.7147729056478602e+02,2.5699322692840560e+00
292454,3.7147729056478602e+02,2.5699322692840560e+00
292466,3.7147729056478602e+02,2.5699322692840560e+00
292478,3.7147729056478602e+02,2.5699322692840560e+00
292490,3.7147729056478602e+02,2.5699322692840560e+00
292502,3.7147729056478602e+02,2.5699322692840560e+00
292514,3.7147729056478602e+02,2.5699322692840560e+00
292526,3.7147729056478602e+02,2.5699322692840560e+00
292538,3.7147729056478602e+02,2.5699322692840560e+00
292550,3.7147729056478602e+02,2.5699322692840560e+00
292562,3.7147729056478602e+02,2.5699322692840560e+00
292574,3.7147729056478602e+02,2.5699322692840560e+00
292586,3.7147729056478602e+02,2.5699322692840560e+00
292598,3.7147729056478602e+02,2.5699322692840560e+00
292610,3.7147729056478602e+02,2.5699322692840560e+00
292622,3.7147729056478602e+02,2.5699322692840560e+00
292634,3.7147729056478602e+02,2.5699322692840560e+00
292646,3.7147729056478602e+02,2.5699322692840560e+00
292658,3.7147729056478602e+02,2.5699322692840560e+00
292670,3.7147729056478602e+02,2.5699322692840560e+00
292682,3.7147729056478602e+02,2.5699322692840560e+00
292694,3.7147729056478602e+02,2.5699322692840560e+00
292706,3.7147729056478602e+02,2.5699322692840560e+00
292718,3.7147729056478602e+02,2.5699322692840560e+00
292730,3.7147729056478602e+02,2.5699322692840560e+00
292742,3.7147729056478602e+02,2.5699322692840560e+00
292754,3.7147729056478602e+02,2.5699322692840560e+00
292766,3.7147729056478602e+02,2.5699322692840560e+00
292778,3.7147729056478602e+02,2.5699322692840560e+00
292790,3.7147729056478602e+02,2.5699322692840560e+00
292802,3.7147729056478602e+02,2.5699322692840560e+00
292814,3.7147729056478602e+02,2.5699322692840560e+00
292826,3.7147729056478602e+02,2.5699322692840560e+00
292838,3.7147729056478602e+02,2.5699322692840560e+00
292850,3.7147729056478602e+02,2.5699322692840560e+00
292862,3.7147729056478602e+02,2.5699322692840560e+00
292874,3.7147729056478602e+02,2.5699322692840560e+00
292886,3.7147729056478602e+02,2.5699322692840560e+00
292898,3.7147729056478602e+02,2.5699322692840560e+00
292910,3.7147729056478602e+02,2.5699322692840560e+00
292922,3.7147729056478602e+02,2.5699322692840560e+00
292934,3.7147729056478602e+02,2.5699322692840560e+00
292946,3.7147729056478602e+02,2.5699322692840560e+00
292958,3.7147729056478602e+02,2.5699322692840560e+00
292970,3.7147729056478602e+02,2.5699322692840560e+00
292982,3.7147729056478602e+02,2.5699322692840560e+00
292994,3.7147729056478602e+02,2.5699322692840560e+00
293006,3.7147729056478602e+02,2.5699322692840560e+00
293018,3.7147729056478602e+02,2.5699322692840560e+00
293030,3.7147729056478602e+02,2.5699322692840560e+00
293042,3.7147729056478602e+02,2.5699322692840560e+00
293054,3.7147729056478602e+02,2.5699322692840560e+00
293066,3.7147729056478602e+02,2.5699322692840560e+00
293078,3.7147729056478602e+02,2.5699322692840560e+00
293090,3.7147729056478602e+02,2.5699322692840560e+00
293102,3.7147729056478602e+02,2.5699322692840560e+00
293114,3.7147729056478602e+02,2.5699322692840560e+00
293126,3.7147729056478602e+02,2.5699322692840560e+00
293138,3.7147729056478602e+02,2.5699322692840560e+00
293150,3.7147729056478602e+02,2.5699322692840560e+00
293162,3.7147729056478602e+02,2.5699322692840560e+00
293174,3.7147729056478602e+02,2.5699322692840560e+00
293186,3.7147729056478602e+02,2.5699322692840560e+00
293198,3.7147729056478602e+02,2.5699322692840560e+00
293210,3.7147729056478602e+02,2.5699322692840560e+00
293222,3.7147729056478602e+02,2.5699322692840560e+00
293234,3.7147729056478602e+02,2.5699322692840560e+00
293246,3.7147729056478602e+02,2.5699322692840560e+00
293258,3.7147729056478602e+02,2.5699322692840560e+00
293270,3.7147729056478602e+02,2.5699322692840560e+00
293282,3.7147729056478602e+02,2.5699322692840560e+00
293294,3.7147729056478602e+02,2.5699322692840560e+00
293306,3.7147729056478602e+02,2.5699322692840560e+00
293318,3.7147729056478602e+02,2.5699322692840560e+00
293330,3.7147729056478602e+02,2.5699322692840560e+00
293342,3.7147729056478602e+02,2.5699322692840560e+00
293354,3.7147729056478602e+02,2.5699322692840560e+00
293366,3.7147729056478602e+02,2.5699322692840560e+00
293378,3.7147729056478602e+02,2.5699322692840560e+00
293390,3.7147729056478602e+02,2.5699322692840560e+00
293402,3.7147729056478602e+02,2.5699322692840560e+00
293414,3.7147729056478602e+02,2.5699322692840560e+00
293426,3.7147729056478602e+02,2.5699322692840560e+00
293438,3.7147729056478602e+02,2.5699322692840560e+00
293450,3.7147729056478602e+02,2.5699322692840560e+00
293462,3.7147729056478602e+02,2.5699322692840560e+00
293474,3.7147729056478602e+02,2.5699322692840560e+00
293486,3.7147729056478602e+02,2.5699322692840560e+00
293498,3.7147729056478602e+02,2.5699322692840560e+00
293510,3.7147729056478602e+02,2.5699322692840560e+00
293522,3.7147729056478602e+02,2.5699322692840560e+00
293534,3.7147729056478602e+02,2.5699322692840560e+00
293546,3.7147729056478602e+02,2.5699322692840560e+00
293558,3.7147729056478602e+02,2.5699322692840560e+00
293570,3.7147729056478602e+02,2.5699322692840560e+00
293582,3.7147729056478602e+02,2.5699322692840560e+00
293594,3.7147729056478602e+02,2.5699322692840560e+00
293606,3.7147729056478602e+02,2.5699322692840560e+00
293618,3.7147729056478602e+02,2.5699322692840560e+00
293630,3.7147729056478602e+02,2.5699322692840560e+00
293642,3.7147729056478602e+02,2.5699322692840560e+00
293654,3.7147729056478602e+02,2.5699322692840560e+00
293666,3.7147729056478602e+02,2.5699322692840560e+00
293678,3.7147729056478602e+02,2.5699322692840560e+00
293690,3.7147729056478602e+02,2.5699322692840560e+00
293702,3.7147729056478602e+02,2.5699322692840560e+00
293714,3.7147729056478602e+02,2.5699322692840560e+00
293726,3.7147729056478602e+02,2.5699322692840560e+00
293738,3.7147729056478602e+02,2.5699322692840560e+00
293750,3.7147729056478602e+02,2.5699322692840560e+00
293762,3.7147729056478602e+02,2.5699322692840560e+00
293774,3.7147729056478602e+02,2.5699322692840560e+00
293786,3.7147729056478602e+02,2.5699322692840560e+00
293798,3.7147729056478602e+02,2.5699322692840560e+00
293810,3.7147729056478602e+02,2.5699322692840560e+00
293822,3.7147729056478602e+02,2.5699322692840560e+00
293834,3.7147729056478602e+02,2.5699322692840560e+00
293846,3.7147729056478602e+02,2.5699322692840560e+00
293858,3.7147729056478602e+02,2.5699322692840560e+00
293870,3.7147729056478602e+02,2.5699322692840560e+00
293882,3.7147729056478602e+02,2.5699322692840560e+00
293894,3.7147729056478602e+02,2.5699322692840560e+00
293906,3.7147729056478602e+02,2.5699322692840560e+00
293918,3.7147729056478602e+02,2.5699322692840560e+00
293930,3.7147729056478602e+02,2.5699322692840560e+00
293942,3.7147729056478602e+02,2.5699322692840560e+00
293954,3.7147729056478602e+02,2.5699322692840560e+00
293966,3.7147729056478602e+02,2.5699322692840560e+00
293978,3.7147729056478602e+02,2.5699322692840560e+00
293990,3.7147729056478602e+02,2.5699322692840560e+00
294002,3.7147729056478602e+02,2.5699322692840560e+00
294014,3.7147729056478602e+02,2.5699322692840560e+00
294026,3.7147729056478602e+02,2.5699322692840560e+00
294038,3.7147729056478602e+02,2.5699322692840560e+00
294050,3.7147729056478602e+02,2.5699322692840560e+00
294062,3.7147729056478602e+02,2.5699322692840560e+00
294074,3.7147729056478602e+02,2.5699322692840560e+00
294086,3.7147729056478602e+02,2.5699322692840560e+00
294098,3.7147729056478602e+02,2.5699322692840560e+00
294110,3.7147729056478602e+02,2.5699322692840560e+00
294122,3.7147729056478602e+02,2.5699322692840560e+00
294134,3.7147729056478602e+02,2.5699322692840560e+00
294146,3.7147729056478602e+02,2.5699322692840560e+00
294158,3.7147729056478602e+02,2.5699322692840560e+00
294170,3.7147729056478602e+02,2.5699322692840560e+00
294182,3.7147729056478602e+02,2.5699322692840560e+00
294194,3.7147729056478602e+02,2.5699322692840560e+00
294206,3.7147729056478602e+02,2.5699322692840560e+00
294218,3.7147729056478602e+02,2.5699322692840560e+00
294230,3.7147729056478602e+02,2.5699322692840560e+00
294242,3.7147729056478602e+02,2.5699322692840560e+00
294254,3.7147729056478602e+02,2.5699322692840560e+00
294266,3.7147729056478602e+02,2.5699322692840560e+00
294278,3.7147729056478602e+02,2.5699322692840560e+00
294290,3.7147729056478602e+02,2.5699322692840560e+00
294302,3.7147729056478602e+02,2.5699322692840560e+00
294314,3.7147729056478602e+02,2.5699322692840560e+00
294326,3.7147729056478602e+02,2.5699322692840560e+00
294338,3.7147729056478602e+02,2.5699322692840560e+00
294350,3.7147729056478602e+02,2.5699322692840560e+00
294362,3.7147729056478602e+02,2.5699322692840560e+00
294374,3.7147729056478602e+02,2.5699322692840560e+00
294386,3.7147729056478602e+02,2.5699322692840560e+00
294398,3.7147729056478602e+02,2.5699322692840560e+00
294410,3.7147729056478602e+02,2.5699322692840560e+00
294422,3.7147729056478602e+02,2.5699322692840560e+00
294434,3.7147729056478602e+02,2.5699322692840560e+00
294446,3.7147729056478602e+02,2.5699322692840560e+00
294458,3.7147729056478602e+02,2.5699322692840560e+00
294470,3.7147729056478602e+02,2.5699322692840560e+00
294482,3.7147729056478602e+02,2.5699322692840560e+00
294494,3.7147729056478602e+02,2.5699322692840560e+00
294506,3.7147729056478602e+02,2.5699322692840560e+00
294518,3.7147729056478602e+02,2.5699322692840560e+00
294530,3.7147729056478602e+02,2.5699322692840560e+00
294542,3.7147729056478602e+02,2.5699322692840560e+00
294554,3.7147729056478602e+02,2.5699322692840560e+00
294566,3.7147729056478602e+02,2.5699322692840560e+00
294578,3.7147729056478602e+02,2.5699322692840560e+00
294590,3.7147729056478602e+02,2.5699322692840560e+00
294602,3.7147729056478602e+02,2.5699322692840560e+00
294614,3.7147729056478602e+02,2.5699322692840560e+00
294626,3.7147729056478602e+02,2.5699322692840560e+00
294638,3.7147729056478602e+02,2.5699322692840560e+00
294650,3.7147729056478602e+02,2.5699322692840560e+00
294662,3.7147729056478602e+02,2.5699322692840560e+00
294674,3.7147729056478602e+02,2.5699322692840560e+00
294686,3.7147729056478602e+02,2.5699322692840560e+00
294698,3.7147729056478602e+02,2.5699322692840560e+00
294710,3.7147729056478602e+02,2.5699322692840560e+00
294722,3.7147729056478602e+02,2.5699322692840560e+00
294734,3.7147729056478602e+02,2.5699322692840560e+00
294746,3.7147729056478602e+02,2.5699322692840560e+00
294758,3.7147729056478602e+02,2.5699322692840560e+00
294770,3.7147729056478602e+02,2.5699322692840560e+00
294782,3.7147729056478602e+02,2.5699322692840560e+00
294794,3.7147729056478602e+02,2.5699322692840560e+00
294806,3.7147729056478602e+02,2.5699322692840560e+00
294818,3.7147729056478602e+02,2.5699322692840560e+00
294830,3.7147729056478602e+02,2.5699322692840560e+00
294842,3.7147729056478602e+02,2.5699322692840560e+00
294854,3.7147729056478602e+02,2.5699322692840560e+00
294866,3.7147729056478602e+02,2.5699322692840560e+00
294878,3.7147729056478602e+02,2.5699322692840560e+00
294890,3.7147729056478602e+02,2.5699322692840560e+00
294902,3.7147729056478602e+02,2.5699322692840560e+00
294914,3.7147729056478602e+02,2.5699322692840560e+00
294926,3.7147729056478602e+02,2.5699322692840560e+00
294938,3.7147729056478602e+02,2.5699322692840560e+00
294950,3.7147729056478602e+02,2.5699322692840560e+00
294962,3.7147729056478602e+02,2.5699322692840560e+00
294974,3.7147729056478602e+02,2.5699322692840560e+00
294986,3.7147729056478602e+02,2.5699322692840560e+00
294998,3.7147729056478602e+02,2.5699322692840560e+00
295010,3.7147729056478602e+02,2.5699322692840560e+00
295022,3.7147729056478602e+02,2.5699322692840560e+00
295034,3.7147729056478602e+02,2.5699322692840560e+00
295046,3.7147729056478602e+02,2.5699322692840560e+00
295058,3.7147729056478602e+02,2.5699322692840560e+00
295070,3.7147729056478602e+02,2.5699322692840560e+00
295082,3.7147729056478602e+02,2.5699322692840560e+00
295094,3.7147729056478602e+02,2.5699322692840560e+00
295106,3.7147729056478602e+02,2.5699322692840560e+00
295118,3.7147729056478602e+02,2.5699322692840560e+00
295130,3.7147729056478602e+02,2.5699322692840560e+00
295142,3.7147729056478602e+02,2.5699322692840560e+00
295154,3.7147729056478602e+02,2.5699322692840560e+00
295166,3.7147729056478602e+02,2.5699322692840560e+00
295178,3.7147729056478602e+02,2.5699322692840560e+00
295190,3.7147729056478602e+02,2.5699322692840560e+00
295202,3.7147729056478602e+02,2.5699322692840560e+00
295214,3.7147729056478602e+02,2.5699322692840560e+00
295226,3.7147729056478602e+02,2.5699322692840560e+00
295238,3.7147729056478602e+02,2.5699322692840560e+00
295250,3.7147729056478602e+02,2.5699322692840560e+00
295262,3.7147729056478602e+02,2.5699322692840560e+00
295274,3.7147729056478602e+02,2.5699322692840560e+00
295286,3.7147729056478602e+02,2.5699322692840560e+00
295298,3.7147729056478602e+02,2.5699322692840560e+00
295310,3.7147729056478602e+02,2.5699322692840560e+00
295322,3.7147729056478602e+02,2.5699322692840560e+00
295334,3.7147729056478602e+02,2.5699322692840560e+00
295346,3.7147729056478602e+02,2.5699322692840560e+00
295358,3.7147729056478602e+02,2.5699322692840560e+00
295370,3.7147729056478602e+02,2.5699322692840560e+00
295382,3.7147729056478602e+02,2.5699322692840560e+00
295394,3.7147729056478602e+02,2.5699322692840560e+00
295406,3.7147729056478602e+02,2.5699322692840560e+00
295418,3.7147729056478602e+02,2.5699322692840560e+00
295430,3.7147729056478602e+02,2.5699322692840560e+00
295442,3.7147729056478602e+02,2.5699322692840560e+00
295454,3.7147729056478602e+02,2.5699322692840560e+00
295466,3.7147729056478602e+02,2.5699322692840560e+00
295478,3.7147729056478602e+02,2.5699322692840560e+00
295490,3.7147729056478602e+02,2.5699322692840560e+00
295502,3.7147729056478602e+02,2.5699322692840560e+00
295514,3.7147729056478602e+02,2.5699322692840560e+00
295526,3.7147729056478602e+02,2.5699322692840560e+00
295538,3.7147729056478602e+02,2.5699322692840560e+00
295550,3.7147729056478602e+02,2.5699322692840560e+00
295562,3.7147729056478602e+02,2.5699322692840560e+00
295574,3.7147729056478602e+02,2.5699322692840560e+00
295586,3.7147729056478602e+02,2.5699322692840560e+00
295598,3.7147729056478602e+02,2.5699322692840560e+00
295610,3.7147729056478602e+02,2.5699322692840560e+00
295622,3.7147729056478602e+02,2.5699322692840560e+00
295634,3.7147729056478602e+02,2.5699322692840560e+00
295646,3.7147729056478602e+02,2.5699322692840560e+00
295658,3.7147729056478602e+02,2.5699322692840560e+00
295670,3.7147729056478602e+02,2.5699322692840560e+00
295682,3.7147729056478602e+02,2.5699322692840560e+00
295694,3.7147729056478602e+02,2.5699322692840560e+00
295706,3.7147729056478602e+02,2.5699322692840560e+00
295718,3.7147729056478602e+02,2.5699322692840560e+00
295730,3.7147729056478602e+02,2.5699322692840560e+00
295742,3.7147729056478602e+02,2.5699322692840560e+00
295754,3.7147729056478602e+02,2.5699322692840560e+00
295766,3.7147729056478602e+02,2.5699322692840560e+00
295778,3.7147729056478602e+02,2.5699322692840560e+00
295790,3.7147729056478602e+02,2.5699322692840560e+00
295802,3.7147729056478602e+02,2.5699322692840560e+00
295814,3.7147729056478602e+02,2.5699322692840560e+00
295826,3.7147729056478602e+02,2.5699322692840560e+00
295838,3.7147729056478602e+02,2.5699322692840560e+00
295850,3.7147729056478602e+02,2.5699322692840560e+00
295862,3.7147729056478602e+02,2.5699322692840560e+00
295874,3.7147729056478602e+02,2.5699322692840560e+00
295886,3.7147729056478602e+02,2.5699322692840560e+00
295898,3.7147729056478602e+02,2.5699322692840560e+00
295910,3.7147729056478602e+02,2.5699322692840560e+00
295922,3.7147729056478602e+02,2.5699322692840560e+00
295934,3.7147729056478602e+02,2.5699322692840560e+00
295946,3.7147729056478602e+02,2.5699322692840560e+00
295958,3.7147729056478602e+02,2.5699322692840560e+00
295970,3.7147729056478602e+02,2.5699322692840560e+00
295982,3.7147729056478602e+02,2.5699322692840560e+00
295994,3.7147729056478602e+02,2.5699322692840560e+00
296006,3.7147729056478602e+02,2.5699322692840560e+00
296018,3.7147729056478602e+02,2.5699322692840560e+00
296030,3.7147729056478602e+02,2.5699322692840560e+00
296042,3.7147729056478602e+02,2.5699322692840560e+00
296054,3.7147729056478602e+02,2.5699322692840560e+00
296066,3.7147729056478602e+02,2.5699322692840560e+00
296078,3.7147729056478602e+02,2.5699322692840560e+00
296090,3.7147729056478602e+02,2.5699322692840560e+00
296102,3.7147729056478602e+02,2.5699322692840560e+00
296114,3.7147729056478602e+02,2.5699322692840560e+00
296126,3.7147729056478602e+02,2.5699322692840560e+00
296138,3.7147729056478602e+02,2.5699322692840560e+00
296150,3.7147729056478602e+02,2.5699322692840560e+00
296162,3.7147729056478602e+02,2.5699322692840560e+00
296174,3.7147729056478602e+02,2.5699322692840560e+00
296186,3.7147729056478602e+02,2.5699322692840560e+00
296198,3.7147729056478602e+02,2.5699322692840560e+00
296210,3.7147729056478602e+02,2.5699322692840560e+00
296222,3.7147729056478602e+02,2.5699322692840560e+00
296234,3.7147729056478602e+02,2.5699322692840560e+00
296246,3.7147729056478602e+02,2.5699322692840560e+00
296258,3.7147729056478602e+02,2.5699322692840560e+00
296270,3.7147729056478602e+02,2.5699322692840560e+00
296282,3.7147729056478602e+02,2.5699322692840560e+00
296294,3.7147729056478602e+02,2.5699322692840560e+00
296306,3.7147729056478602e+02,2.5699322692840560e+00
296318,3.7147729056478602e+02,2.5699322692840560e+00
296330,3.7147729056478602e+02,2.5699322692840560e+00
296342,3.7147729056478602e+02,2.5699322692840560e+00
296354,3.7147729056478602e+02,2.5699322692840560e+00
296366,3.7147729056478602e+02,2.5699322692840560e+00
296378,3.7147729056478602e+02,2.5699322692840560e+00
296390,3.7147729056478602e+02,2.5699322692840560e+00
296402,3.7147729056478602e+02,2.5699322692840560e+00
296414,3.7147729056478602e+02,2.5699322692840560e+00
296426,3.7147729056478602e+02,2.5699322692840560e+00
296438,3.7147729056478602e+02,2.5699322692840560e+00
296450,3.7147729056478602e+02,2.5699322692840560e+00
296462,3.7147729056478602e+02,2.5699322692840560e+00
296474,3.7147729056478602e+02,2.5699322692840560e+00
296486,3.7147729056478602e+02,2.5699322692840560e+00
296498,3.7147729056478602e+02,2.5699322692840560e+00
296510,3.7147729056478602e+02,2.5699322692840560e+00
296522,3.7147729056478602e+02,2.5699322692840560e+00
296534,3.7147729056478602e+02,2.5699322692840560e+00
296546,3.7147729056478602e+02,2.5699322692840560e+00
296558,3.7147729056478602e+02,2.5699322692840560e+00
296570,3.7147729056478602e+02,2.5699322692840560e+00
296582,3.7147729056478602e+02,2.5699322692840560e+00
296594,3.7147729056478602e+02,2.5699322692840560e+00
296606,3.7147729056478602e+02,2.5699322692840560e+00
296618,3.7147729056478602e+02,2.5699322692840560e+00
296630,3.7147729056478602e+02,2.5699322692840560e+00
296642,3.7147729056478602e+02,2.5699322692840560e+00
296654,3.7147729056478602e+02,2.5699322692840560e+00
296666,3.7147729056478602e+02,2.5699322692840560e+00
296678,3.7147729056478602e+02,2.5699322692840560e+00
296690,3.7147729056478602e+02,2.5699322692840560e+00
296702,3.7147729056478602e+02,2.5699322692840560e+00
296714,3.7147729056478602e+02,2.5699322692840560e+00
296726,3.7147729056478602e+02,2.5699322692840560e+00
296738,3.7147729056478602e+02,2.5699322692840560e+00
296750,3.7147729056478602e+02,2.5699322692840560e+00
296762,3.7147729056478602e+02,2.5699322692840560e+00
296774,3.7147729056478602e+02,2.5699322692840560e+00
296786,3.7147729056478602e+02,2.5699322692840560e+00
296798,3.7147729056478602e+02,2.5699322692840560e+00
296810,3.7147729056478602e+02,2.5699322692840560e+00
296822,3.7147729056478602e+02,2.5699322692840560e+00
296834,3.7147729056478602e+02,2.5699322692840560e+00
296846,3.7147729056478602e+02,2.5699322692840560e+00
296858,3.7147729056478602e+02,2.5699322692840560e+00
296870,3.7147729056478602e+02,2.5699322692840560e+00
296882,3.7147729056478602e+02,2.5699322692840560e+00
296894,3.7147729056478602e+02,2.5699322692840560e+00
296906,3.7147729056478602e+02,2.5699322692840560e+00
296918,3.7147729056478602e+02,2.5699322692840560e+00
296930,3.7147729056478602e+02,2.5699322692840560e+00
296942,3.7147729056478602e+02,2.5699322692840560e+00
296954,3.7147729056478602e+02,2.5699322692840560e+00
296966,3.7147729056478602e+02,2.5699322692840560e+00
296978,3.7147729056478602e+02,2.5699322692840560e+00
296990,3.7147729056478602e+02,2.5699322692840560e+00
297002,3.7147729056478602e+02,2.5699322692840560e+00
297014,3.7147729056478602e+02,2.5699322692840560e+00
297026,3.7147729056478602e+02,2.5699322692840560e+00
297038,3.7147729056478602e+02,2.5699322692840560e+00
297050,3.7147729056478602e+02,2.5699322692840560e+00
297062,3.7147729056478602e+02,2.5699322692840560e+00
297074,3.7147729056478602e+02,2.5699322692840560e+00
297086,3.7147729056478602e+02,2.5699322692840560e+00
297098,3.7147729056478602e+02,2.5699322692840560e+00
297110,3.7147729056478602e+02,2.5699322692840560e+00
297122,3.7147729056478602e+02,2.5699322692840560e+00
297134,3.7147729056478602e+02,2.5699322692840560e+00
297146,3.7147729056478602e+02,2.5699322692840560e+00
297158,3.7147729056478602e+02,2.5699322692840560e+00
297170,3.7147729056478602e+02,2.5699322692840560e+00
297182,3.7147729056478602e+02,2.5699322692840560e+00
297194,3.7147729056478602e+02,2.5699322692840560e+00
297206,3.7147729056478602e+02,2.5699322692840560e+00
297218,3.7147729056478602e+02,2.5699322692840560e+00
297230,3.7147729056478602e+02,2.5699322692840560e+00
297242,3.7147729056478602e+02,2.5699322692840560e+00
297254,3.7147729056478602e+02,2.5699322692840560e+00
297266,3.7147729056478602e+02,2.5699322692840560e+00
297278,3.7147729056478602e+02,2.5699322692840560e+00
297290,3.7147729056478602e+02,2.5699322692840560e+00
297302,3.7147729056478602e+02,2.5699322692840560e+00
297314,3.7147729056478602e+02,2.5699322692840560e+00
297326,3.7147729056478602e+02,2.5699322692840560e+00
297338,3.7147729056478602e+02,2.5699322692840560e+00
297350,3.7147729056478602e+02,2.5699322692840560e+00
297362,3.7147729056478602e+02,2.5699322692840560e+00
297374,3.7147729056478602e+02,2.5699322692840560e+00
297386,3.7147729056478602e+02,2.5699322692840560e+00
297398,3.7147729056478602e+02,2.5699322692840560e+00
297410,3.7147729056478602e+02,2.5699322692840560e+00
297422,3.7147729056478602e+02,2.5699322692840560e+00
297434,3.7147729056478602e+02,2.5699322692840560e+00
297446,3.7147729056478602e+02,2.5699322692840560e+00
297458,3.7147729056478602e+02,2.5699322692840560e+00
297470,3.7147729056478602e+02,2.5699322692840560e+00
297482,3.7147729056478602e+02,2.5699322692840560e+00
297494,3.7147729056478602e+02,2.5699322692840560e+00
297506,3.7147729056478602e+02,2.5699322692840560e+00
297518,3.7147729056478602e+02,2.5699322692840560e+00
297530,3.7147729056478602e+02,2.5699322692840560e+00
297542,3.7147729056478602e+02,2.5699322692840560e+00
297554,3.7147729056478602e+02,2.5699322692840560e+00
297566,3.7147729056478602e+02,2.5699322692840560e+00
297578,3.7147729056478602e+02,2.5699322692840560e+00
297590,3.7147729056478602e+02,2.5699322692840560e+00
297602,3.7147729056478602e+02,2.5699322692840560e+00
297614,3.7147729056478602e+02,2.5699322692840560e+00
297626,3.7147729056478602e+02,2.5699322692840560e+00
297638,3.7147729056478602e+02,2.5699322692840560e+00
297650,3.7147729056478602e+02,2.5699322692840560e+00
297662,3.7147729056478602e+02,2.5699322692840560e+00
297674,3.7147729056478602e+02,2.5699322692840560e+00
297686,3.7147729056478602e+02,2.5699322692840560e+00
297698,3.7147729056478602e+02,2.5699322692840560e+00
297710,3.7147729056478602e+02,2.5699322692840560e+00
297722,3.7147729056478602e+02,2.5699322692840560e+00
297734,3.7147729056478602e+02,2.5699322692840560e+00
297746,3.7147729056478602e+02,2.5699322692840560e+00
297758,3.7147729056478602e+02,2.5699322692840560e+00
297770,3.7147729056478602e+02,2.5699322692840560e+00
297782,3.7147729056478602e+02,2.5699322692840560e+00
297794,3.7147729056478602e+02,2.5699322692840560e+00
297806,3.7147729056478602e+02,2.5699322692840560e+00
297818,3.7147729056478602e+02,2.5699322692840560e+00
297830,3.7147729056478602e+02,2.5699322692840560e+00
297842,3.7147729056478602e+02,2.5699322692840560e+00
297854,3.7147729056478602e+02,2.5699322692840560e+00
297866,3.7147729056478602e+02,2.5699322692840560e+00
297878,3.7147729056478602e+02,2.5699322692840560e+00
297890,3.7147729056478602e+02,2.5699322692840560e+00
297902,3.7147729056478602e+02,2.5699322692840560e+00
297914,3.7147729056478602e+02,2.5699322692840560e+00
297926,3.7147729056478602e+02,2.5699322692840560e+00
297938,3.7147729056478602e+02,2.5699322692840560e+00
297950,3.7147729056478602e+02,2.5699322692840560e+00
297962,3.7147729056478602e+02,2.5699322692840560e+00
297974,3.7147729056478602e+02,2.5699322692840560e+00
297986,3.7147729056478602e+02,2.5699322692840560e+00
297998,3.7147729056478602e+02,2.5699322692840560e+00
298010,3.7147729056478602e+02,2.5699322692840560e+00
298022,3.7147729056478602e+02,2.5699322692840560e+00
298034,3.7147729056478602e+02,2.5699322692840560e+00
298046,3.7147729056478602e+02,2.5699322692840560e+00
298058,3.7147729056478602e+02,2.5699322692840560e+00
298070,3.7147729056478602e+02,2.5699322692840560e+00
298082,3.7147729056478602e+02,2.5699322692840560e+00
298094,3.7147729056478602e+02,2.5699322692840560e+00
298106,3.7147729056478602e+02,2.5699322692840560e+00
298118,3.7147729056478602e+02,2.5699322692840560e+00
298130,3.7147729056478602e+02,2.5699322692840560e+00
298142,3.7147729056478602e+02,2.5699322692840560e+00
298154,3.7147729056478602e+02,2.5699322692840560e+00
298166,3.7147729056478602e+02,2.5699322692840560e+00
298178,3.7147729056478602e+02,2.5699322692840560e+00
298190,3.7147729056478602e+02,2.5699322692840560e+00
298202,3.7147729056478602e+02,2.5699322692840560e+00
298214,3.7147729056478602e+02,2.5699322692840560e+00
298226,3.7147729056478602e+02,2.5699322692840560e+00
298238,3.7147729056478602e+02,2.5699322692840560e+00
298250,3.7147729056478602e+02,2.5699322692840560e+00
298262,3.7147729056478602e+02,2.5699322692840560e+00
298274,3.7147729056478602e+02,2.5699322692840560e+00
298286,3.7147729056478602e+02,2.5699322692840560e+00
298298,3.7147729056478602e+02,2.5699322692840560e+00
298310,3.7147729056478602e+02,2.5699322692840560e+00
298322,3.7147729056478602e+02,2.5699322692840560e+00
298334,3.7147729056478602e+02,2.5699322692840560e+00
298346,3.7147729056478602e+02,2.5699322692840560e+00
298358,3.7147729056478602e+02,2.5699322692840560e+00
298370,3.7147729056478602e+02,2.5699322692840560e+00
298382,3.7147729056478602e+02,2.5699322692840560e+00
298394,3.7147729056478602e+02,2.5699322692840560e+00
298406,3.7147729056478602e+02,2.5699322692840560e+00
298418,3.7147729056478602e+02,2.5699322692840560e+00
298430,3.7147729056478602e+02,2.5699322692840560e+00
298442,3.7147729056478602e+02,2.5699322692840560e+00
298454,3.7147729056478602e+02,2.5699322692840560e+00
298466,3.7147729056478602e+02,2.5699322692840560e+00
298478,3.7147729056478602e+02,2.5699322692840560e+00
298490,3.7147729056478602e+02,2.5699322692840560e+00
298502,3.7147729056478602e+02,2.5699322692840560e+00
298514,3.7147729056478602e+02,2.5699322692840560e+00
298526,3.7147729056478602e+02,2.5699322692840560e+00
298538,3.7147729056478602e+02,2.5699322692840560e+00
298550,3.7147729056478602e+02,2.5699322692840560e+00
298562,3.7147729056478602e+02,2.5699322692840560e+00
298574,3.7147729056478602e+02,2.5699322692840560e+00
298586,3.7147729056478602e+02,2.5699322692840560e+00
298598,3.7147729056478602e+02,2.5699322692840560e+00
298610,3.7147729056478602e+02,2.5699322692840560e+00
298622,3.7147729056478602e+02,2.5699322692840560e+00
298634,3.7147729056478602e+02,2.5699322692840560e+00
298646,3.7147729056478602e+02,2.5699322692840560e+00
298658,3.7147729056478602e+02,2.5699322692840560e+00
298670,3.7147729056478602e+02,2.5699322692840560e+00
298682,3.7147729056478602e+02,2.5699322692840560e+00
298694,3.7147729056478602e+02,2.5699322692840560e+00
298706,3.7147729056478602e+02,2.5699322692840560e+00
298718,3.7147729056478602e+02,2.5699322692840560e+00
298730,3.7147729056478602e+02,2.5699322692840560e+00
298742,3.7147729056478602e+02,2.5699322692840560e+00
298754,3.7147729056478602e+02,2.5699322692840560e+00
298766,3.7147729056478602e+02,2.5699322692840560e+00
298778,3.7147729056478602e+02,2.5699322692840560e+00
298790,3.7147729056478602e+02,2.5699322692840560e+00
298802,3.7147729056478602e+02,2.5699322692840560e+00
298814,3.7147729056478602e+02,2.5699322692840560e+00
298826,3.7147729056478602e+02,2.5699322692840560e+00
298838,3.7147729056478602e+02,2.5699322692840560e+00
298850,3.7147729056478602e+02,2.5699322692840560e+00
298862,3.7147729056478602e+02,2.5699322692840560e+00
298874,3.7147729056478602e+02,2.5699322692840560e+00
298886,3.7147729056478602e+02,2.5699322692840560e+00
298898,3.7147729056478602e+02,2.5699322692840560e+00
298910,3.7147729056478602e+02,2.5699322692840560e+00
298922,3.7147729056478602e+02,2.5699322692840560e+00
298934,3.7147729056478602e+02,2.5699322692840560e+00
298946,3.7147729056478602e+02,2.5699322692840560e+00
298958,3.7147729056478602e+02,2.5699322692840560e+00
298970,3.7147729056478602e+02,2.5699322692840560e+00
298982,3.7147729056478602e+02,2.5699322692840560e+00
298994,3.7147729056478602e+02,2.5699322692840560e+00
299006,3.7147729056478602e+02,2.5699322692840560e+00
299018,3.7147729056478602e+02,2.5699322692840560e+00
299030,3.7147729056478602e+02,2.5699322692840560e+00
299042,3.7147729056478602e+02,2.5699322692840560e+00
299054,3.7147729056478602e+02,2.5699322692840560e+00
299066,3.7147729056478602e+02,2.5699322692840560e+00
299078,3.7147729056478602e+02,2.5699322692840560e+00
299090,3.7147729056478602e+02,2.5699322692840560e+00
299102,3.7147729056478602e+02,2.5699322692840560e+00
299114,3.7147729056478602e+02,2.5699322692840560e+00
299126,3.7147729056478602e+02,2.5699322692840560e+00
299138,3.7147729056478602e+02,2.5699322692840560e+00
299150,3.7147729056478602e+02,2.5699322692840560e+00
299162,3.7147729056478602e+02,2.5699322692840560e+00
299174,3.7147729056478602e+02,2.5699322692840560e+00
299186,3.7147729056478602e+02,2.5699322692840560e+00
299198,3.7147729056478602e+02,2.5699322692840560e+00
299210,3.7147729056478602e+02,2.5699322692840560e+00
299222,3.7147729056478602e+02,2.5699322692840560e+00
299234,3.7147729056478602e+02,2.5699322692840560e+00
299246,3.7147729056478602e+02,2.5699322692840560e+00
299258,3.7147729056478602e+02,2.5699322692840560e+00
299270,3.7147729056478602e+02,2.5699322692840560e+00
299282,3.7147729056478602e+02,2.5699322692840560e+00
299294,3.7147729056478602e+02,2.5699322692840560e+00
299306,3.7147729056478602e+02,2.5699322692840560e+00
299318,3.7147729056478602e+02,2.5699322692840560e+00
299330,3.7147729056478602e+02,2.5699322692840560e+00
299342,3.7147729056478602e+02,2.5699322692840560e+00
299354,3.7147729056478602e+02,2.5699322692840560e+00
299366,3.7147729056478602e+02,2.5699322692840560e+00
299378,3.7147729056478602e+02,2.5699322692840560e+00
299390,3.7147729056478602e+02,2.5699322692840560e+00
299402,3.7147729056478602e+02,2.5699322692840560e+00
299414,3.7147729056478602e+02,2.5699322692840560e+00
299426,3.7147729056478602e+02,2.5699322692840560e+00
299438,3.7147729056478602e+02,2.5699322692840560e+00
299450,3.7147729056478602e+02,2.5699322692840560e+00
299462,3.7147729056478602e+02,2.5699322692840560e+00
299474,3.7147729056478602e+02,2.5699322692840560e+00
299486,3.7147729056478602e+02,2.5699322692840560e+00
299498,3.7147729056478602e+02,2.5699322692840560e+00
299510,3.7147729056478602e+02,2.5699322692840560e+00
299522,3.7147729056478602e+02,2.5699322692840560e+00
299534,3.7147729056478602e+02,2.5699322692840560e+00
299546,3.7147729056478602e+02,2.5699322692840560e+00
299558,3.7147729056478602e+02,2.5699322692840560e+00
299570,3.7147729056478602e+02,2.5699322692840560e+00
299582,3.7147729056478602e+02,2.5699322692840560e+00
299594,3.7147729056478602e+02,2.5699322692840560e+00
299606,3.7147729056478602e+02,2.5699322692840560e+00
299618,3.7147729056478602e+02,2.5699322692840560e+00
299630,3.7147729056478602e+02,2.5699322692840560e+00
299642,3.7147729056478602e+02,2.5699322692840560e+00
299654,3.7147729056478602e+02,2.5699322692840560e+00
299666,3.7147729056478602e+02,2.5699322692840560e+00
299678,3.7147729056478602e+02,2.5699322692840560e+00
299690,3.7147729056478602e+02,2.5699322692840560e+00
299702,3.7147729056478602e+02,2.5699322692840560e+00
299714,3.7147729056478602e+02,2.5699322692840560e+00
299726,3.7147729056478602e+02,2.5699322692840560e+00
299738,3.7147729056478602e+02,2.5699322692840560e+00
299750,3.7147729056478602e+02,2.5699322692840560e+00
299762,3.7147729056478602e+02,2.5699322692840560e+00
299774,3.7147729056478602e+02,2.5699322692840560e+00
299786,3.7147729056478602e+02,2.5699322692840560e+00
299798,3.7147729056478602e+02,2.5699322692840560e+00
299810,3.7147729056478602e+02,2.5699322692840560e+00
299822,3.7147729056478602e+02,2.5699322692840560e+00
299834,3.7147729056478602e+02,2.5699322692840560e+00
299846,3.7147729056478602e+02,2.5699322692840560e+00
299858,3.7147729056478602e+02,2.5699322692840560e+00
299870,3.7147729056478602e+02,2.5699322692840560e+00
299882,3.7147729056478602e+02,2.5699322692840560e+00
299894,3.7147729056478602e+02,2.5699322692840560e+00
299906,3.7147729056478602e+02,2.5699322692840560e+00
299918,3.7147729056478602e+02,2.5699322692840560e+00
299930,3.7147729056478602e+02,2.5699322692840560e+00
299942,3.7147729056478602e+02,2.5699322692840560e+00
299954,3.7147729056478602e+02,2.5699322692840560e+00
299966,3.7147729056478602e+02,2.5699322692840560e+00
299978,3.7147729056478602e+02,2.5699322692840560e+00
299990,3.7147729056478602e+02,2.5699322692840560e+00
300000,3.7147729056478602e+02,2.5699322692840560e+00
